'test : prof1 from Regr49 '
 42 
1013.2500 299.7000   0.0000 
2008.0000  15.0000   0.0000      
  6 
  1   2   3   5   6   9 
 21  21  21  21  21  21 
1.013000e+03 299.70001 1.611337e-02 5.620383e-04 4.754263e-08 1.392943e-07 9.942692e-07 6.628461e-10 
9.040000e+02 293.70001 1.211144e-02 5.620383e-04 5.219913e-08 1.257612e-07 9.942692e-07 6.081701e-10 
8.050000e+02 287.70001 9.532555e-03 5.620383e-04 5.538079e-08 1.164814e-07 9.942692e-07 5.299912e-10 
7.150000e+02 283.70001 5.344197e-03 5.620383e-04 5.806531e-08 1.145481e-07 9.942692e-07 4.355799e-10 
6.330000e+02 277.00000 2.759718e-03 5.620383e-04 5.900988e-08 1.256646e-07 9.942692e-07 3.424334e-10 
5.590000e+02 270.29999 2.079265e-03 5.620383e-04 6.242353e-08 1.385210e-07 9.942692e-07 2.765256e-10 
4.920000e+02 263.60001 1.305600e-03 5.620383e-04 6.610232e-08 1.347511e-07 9.942692e-07 2.285822e-10 
4.320000e+02 257.00000 8.010081e-04 5.620383e-04 6.997998e-08 1.418076e-07 9.937168e-07 1.945365e-10 
3.780000e+02 250.30000 4.745771e-04 5.620383e-04 7.408962e-08 9.358144e-08 9.926121e-07 1.692009e-10 
3.290000e+02 243.60001 2.546572e-04 5.620383e-04 8.285576e-08 4.266796e-08 9.904026e-07 1.514201e-10 
2.860000e+02 237.00000 1.188152e-04 5.620383e-04 9.271560e-08 4.113098e-08 9.854313e-07 1.397155e-10 
2.470000e+02 230.10001 4.540081e-05 5.620383e-04 1.095850e-07 4.029000e-08 9.799076e-07 1.314248e-10 
2.130000e+02 223.60001 1.805220e-05 5.620383e-04 1.295035e-07 3.804737e-08 9.721742e-07 1.262281e-10 
1.820000e+02 217.00000 6.152040e-06 5.620383e-04 1.539294e-07 3.962300e-08 9.622315e-07 1.236415e-10 
1.560000e+02 210.30000 3.865221e-06 5.620383e-04 1.739971e-07 3.715805e-08 9.511842e-07 1.239388e-10 
1.320000e+02 203.70000 2.485673e-06 5.620383e-04 2.081337e-07 3.475109e-08 9.384796e-07 1.257121e-07 
1.110000e+02 197.00000 1.864255e-06 5.620383e-04 2.392874e-07 3.284679e-08 9.252227e-07 1.270455e-07 
9.370000e+01 194.80000 1.802113e-06 5.620383e-04 4.142788e-07 3.436443e-08 9.080992e-07 1.217112e-07 
7.890000e+01 198.80000 1.708900e-06 5.620383e-04 8.285576e-07 2.014500e-08 8.893185e-07 1.091087e-10 
6.660000e+01 202.70000 1.615687e-06 5.620383e-04 1.574259e-06 2.031900e-08 8.655666e-07 9.107268e-11 
5.650000e+01 206.70000 1.615687e-06 5.620383e-04 2.319961e-06 1.948768e-08 8.329766e-07 7.286348e-11 
4.800000e+01 210.70000 1.646758e-06 5.620383e-04 2.982807e-06 1.747704e-08 7.926535e-07 6.008878e-11 
4.090000e+01 214.60001 1.739971e-06 5.620383e-04 3.977077e-06 1.456742e-08 7.440448e-07 5.096110e-11 
3.500000e+01 217.00000 1.802113e-06 5.620383e-04 5.634192e-06 1.809570e-08 6.965408e-07 4.602054e-11 
3.000000e+01 219.20000 1.988538e-06 5.620383e-04 7.125596e-06 1.721605e-08 6.540081e-07 4.220889e-11 
2.570000e+01 221.39999 2.019609e-06 5.620383e-04 8.948423e-06 2.107298e-08 6.169992e-07 3.884313e-11 
1.763000e+01 227.00000 2.237105e-06 5.620383e-04 1.292550e-05 1.909135e-08 5.772284e-07 3.416538e-11 
1.220000e+01 232.30000 2.485673e-06 5.620383e-04 1.541117e-05 2.009666e-08 5.343092e-07 2.983093e-11 
8.520000e+00 237.70000 2.672098e-06 5.620383e-04 1.632258e-05 1.829869e-08 4.854243e-07 2.717614e-11 
6.000000e+00 243.10001 2.858524e-06 5.620383e-04 1.607402e-05 2.073465e-08 4.363185e-07 2.577390e-11 
4.260000e+00 248.50000 3.044949e-06 5.620383e-04 1.458261e-05 2.615757e-08 3.870469e-07 2.664597e-11 
3.050000e+00 254.00000 3.231375e-06 5.620383e-04 1.242836e-05 3.064282e-08 3.297659e-07 2.950499e-11 
2.200000e+00 259.39999 3.417800e-06 5.620383e-04 9.776980e-06 2.981150e-08 2.698336e-07 3.518738e-11 
1.590000e+00 264.79999 3.542084e-06 5.620383e-04 7.457018e-06 4.237796e-08 2.123869e-07 4.442191e-11 
1.160000e+00 269.60001 3.666368e-06 5.620383e-04 5.717048e-06 4.864185e-08 1.621763e-07 5.826153e-11 
8.540000e-01 270.20001 3.728509e-06 5.620383e-04 4.639923e-06 6.199130e-08 1.228475e-07 7.485027e-11 
4.560000e-01 263.39999 3.728509e-06 5.620383e-04 2.982807e-06 8.715321e-08 9.655458e-08 9.887130e-11 
2.390000e-01 253.10001 3.728509e-06 5.620383e-04 1.822827e-06 1.274045e-07 8.771664e-08 1.121577e-10 
1.210000e-01 236.00000 3.355658e-06 5.620383e-04 1.077125e-06 2.275495e-07 8.771664e-08 1.130371e-10 
5.800000e-02 218.89999 2.796382e-06 5.620383e-04 4.971346e-07 3.134848e-07 8.771664e-08 9.794766e-11 
2.600000e-02 201.80000 2.050680e-06 5.620383e-04 2.982808e-07 7.681972e-07 8.771664e-08 6.591976e-11 
1.100000e-02 184.80000 1.304978e-06 5.586964e-04 5.468481e-07 1.810537e-06 8.771664e-08 3.125121e-11 
