  5  1  1.055838E-02  1.072402E-05
   5  2  3.357899E-04  3.410580E-07
   5  3  3.756936E-08  3.815878E-11
   5  4  3.036761E-07  3.084404E-10
   5  5  1.405329E-07  1.427377E-10
   5  6  1.613279E-06  1.638590E-09
   5  7  0.198338  2.014502E-04
   5  8  0.000000  0.000000
   5  9  2.762341E-10  2.805679E-13
   5  10  0.000000  0.000000
   5  11  0.000000  0.000000
   5  12  5.057393E-11  5.136737E-14
   5  13  0.000000  0.000000
   5  14  0.000000  0.000000
   5  15  0.000000  0.000000
   5  16  0.000000  0.000000
   5  17  0.000000  0.000000
   5  18  0.000000  0.000000
   5  19  0.000000  0.000000
   5  20  0.000000  0.000000
   5  21  0.000000  0.000000
   5  22  0.000000  0.000000
   5  23  0.000000  0.000000
   5  24  0.000000  0.000000
   5  25  0.000000  0.000000
   5  26  0.000000  0.000000
   5  27  0.000000  0.000000
   5  28  0.000000  0.000000
   5  29  0.000000  0.000000
   5  30  0.000000  0.000000
   5  31  0.000000  0.000000
   5  32  0.000000  0.000000
   5  33  0.000000  0.000000
   5  34  0.000000  0.000000
   5  35  0.000000  0.000000
   5  36  0.000000  0.000000
   5  37  0.000000  0.000000
   5  38  0.000000  0.000000
   5  39  0.000000  0.000000
   5  40  0.000000  0.000000
   5  41  0.000000  0.000000
   5  42  0.000000  0.000000
   5  43  0.000000  0.000000
   5  44  0.000000  0.000000
   5  45  0.000000  0.000000
   5  46  0.000000  0.000000
   5  47  0.000000  0.000000
   5  48  0.000000  0.000000
   5  49  0.000000  0.000000
   5  50  0.000000  0.000000
   5  51  2.604023E-10  2.644877E-13
   5  52  4.929991E-10  5.007337E-13
   5  53  0.000000  0.000000
   5  54  0.000000  0.000000
   5  55  0.000000  0.000000
   5  56  0.000000  0.000000
   5  57  0.000000  0.000000
   5  58  0.000000  0.000000
   5  59  0.000000  0.000000
   5  60  1.021111E-10  1.037131E-13
   5  61  0.000000  0.000000
   5  62  0.000000  0.000000
   5  63  0.000000  0.000000
   5  64  0.000000  0.000000
   5  65  0.000000  0.000000
   5  66  0.000000  0.000000
   5  67  0.000000  0.000000
   5  68  0.000000  0.000000
   5  69  0.000000  0.000000
   5  70  0.000000  0.000000
   5  71  0.000000  0.000000
   5  72  0.000000  0.000000
   5  73  0.000000  0.000000
   5  74  0.000000  0.000000
   5  75  0.000000  0.000000
   5  76  0.000000  0.000000
   5  77  0.000000  0.000000
   5  78  0.000000  0.000000
   5  79  0.000000  0.000000
   5  80  0.000000  0.000000
   5  81  394.018  289.937
   5  82 -NaN  289.937
   5  83  596.306  289.937
   5  84  0.000000  289.937
   5  85  0.000000  289.937
   5  86  0.000000  289.937
   5  87  0.000000  289.937
   5  88  0.000000  0.000000
   5  89  0.000000  289.937
   5  90  0.000000  0.000000
   5  91  0.000000  0.000000
   5  92  0.000000  289.937
   5  93  0.000000  0.000000
   5  94  0.000000  0.000000
   5  95  0.000000  0.000000
   5  96  0.000000  0.000000
   5  97  0.000000  0.000000
   5  98  0.000000  0.000000
   5  99  0.000000  0.000000
   5  100  0.000000  0.000000
   5  101  0.000000  0.000000
   5  102  0.000000  0.000000
   5  103  0.000000  0.000000
 bad luck ... emergency exit!
[sergio@tara-fe1 WORK]$ 
[sergio@tara-fe1 WORK]$ 
[sergio@tara-fe1 WORK]$ ../BIN/bkcartaTXT.x quickuseLBLRTM.nml junk.dat
   5  1  1.055838E-02  1.072402E-05
   5  2  3.357899E-04  3.410580E-07
   5  3  3.756936E-08  3.815878E-11
   5  4  3.036761E-07  3.084404E-10
   5  5  1.405329E-07  1.427377E-10
   5  6  1.613279E-06  1.638590E-09
   5  7  0.198338  2.014502E-04
   5  8  2.878700E-10  2.909300E-13
   5  9  2.762341E-10  2.805679E-13
   5  10  2.207000E-11  2.230500E-14
   5  11  4.797900E-10  4.848800E-13
   5  12  5.057393E-11  5.136737E-14
   5  13  4.222200E-14  4.267000E-17
   5  14  9.595800E-15  9.697700E-18
   5  15  8.770000E-10  8.863100E-13
   5  16  1.631300E-12  1.648600E-15
   5  17  2.878700E-12  2.909300E-15
   5  18  9.595800E-15  9.697700E-18
   5  19  5.724600E-10  5.785400E-13
   5  20  1.865400E-09  1.885200E-12
   5  21  8.342900E-12  8.431500E-15
   5  22  0.749430  7.573900E-04
   5  23  1.614800E-10  1.632000E-13
   5  24  5.096100E-10  5.150200E-13
   5  25  1.902700E-10  1.922900E-13
   5  26  2.457600E-10  2.483700E-13
   5  27  1.919200E-09  1.939500E-12
   5  28  9.595800E-21  9.697700E-24
   5  29  4.797900E-12  4.848800E-15
   5  30  8.108700E-11  8.194800E-14
   5  31  4.756100E-10  4.806600E-13
   5  32  4.030200E-12  4.073000E-15
   5  33  9.595800E-13  9.697700E-16
   5  34  3.358500E-11  3.394200E-14
   5  35  1.919200E-10  1.939500E-13
   5  36  7.580700E-12  7.661200E-15
   5  37  0.000000  0.000000
   5  38  0.000000  0.000000
   5  39  3.358500E-12  3.394200E-15
   5  40  5.546400E-11  5.605300E-14
   5  41  3.004900E-13  3.036800E-16
   5  42  1.899300E-10  1.919500E-13
   5  43  7.292800E-11  7.370200E-14
   5  44  1.612100E-11  1.629200E-14
   5  45  7.676600E-12  7.758200E-15
   5  46  0.000000  0.000000
   5  47  4.356300E-12  4.402600E-15
   5  48  2.164700E-16  2.187700E-19
   5  49  1.226300E-12  1.239400E-15
   5  50  2.782800E-12  2.812300E-15
   5  51  5.757500E-14  5.818600E-17
   5  52  1.631300E-12  1.648600E-15
   5  53  2.015100E-11  2.036500E-14
   5  54  1.919200E-11  1.939500E-14
   5  55  7.676600E-13  7.758200E-16
   5  56  9.595800E-13  9.697700E-16
   5  57  1.343400E-12  1.357700E-15
   5  58  4.989800E-11  5.042800E-14
   5  59  1.151500E-11  1.163700E-14
   5  60  6.717100E-12  6.788400E-15
   5  61  9.595800E-10  9.697701E-13
   5  62  6.717100E-12  6.788400E-15
   5  63  9.595800E-14  9.697700E-17
   5  64  1.919200E-13  1.939500E-16
   5  65  3.808700E-10  3.849100E-13
   5  66  1.439400E-10  1.454700E-13
   5  67  6.333200E-12  6.400500E-15
   5  68  1.055838E-02  1.072402E-05
   5  69  1.055838E-02  1.072402E-05
   5  70  1.055838E-02  1.072402E-05
   5  71  0.000000  0.000000
   5  72  0.000000  0.000000
   5  73  0.000000  0.000000
   5  74  0.000000  0.000000
   5  75  0.000000  0.000000
   5  76  0.000000  0.000000
   5  77  0.000000  0.000000
   5  78  0.000000  0.000000
   5  79  0.000000  0.000000
   5  80  0.000000  0.000000
   5  81  394.018  289.937
   5  82 -NaN  289.937
   5  83  596.306  289.937
   5  84 -269.452  289.937
   5  85  0.000000  289.937
   5  86  0.000000  289.937
   5  87  0.000000  289.937
   5  88  0.000000  289.937
   5  89  0.000000  289.937
   5  90  0.000000  289.937
   5  91  0.000000  289.937
   5  92  0.000000  289.937
   5  93  0.000000  289.937
   5  94  0.000000  289.937
   5  95  0.000000  289.937
   5  96  0.000000  289.937
   5  97  0.000000  289.937
   5  98  0.000000  289.937
   5  99  0.000000  289.937
   5  100  0.000000  289.937
   5  101  0.000000  289.937
   5  102  0.000000  289.937
   5  103  0.000000  289.937
 bad luck ... emergency exit!
[sergio
