   4  999.943  299.010  2.385013E+25  1.503178E+22  2.152985E+20  1.688586E+16  1.862525E+17  8.290447E+16  2.438524E-02  3.608955E-04  2.864367E-08  3.122074E-07  1.372827E-07
   5  972.265  297.537  2.349500E+25  1.387471E+22  2.124380E+20  1.706084E+16  1.837784E+17  7.981429E+16  2.278795E-02  3.614863E-04  2.937348E-08  3.127196E-07  1.341065E-07
   6  944.992  296.038  2.313168E+25  1.272903E+22  2.094973E+20  1.722243E+16  1.812351E+17  7.672857E+16  2.116900E-02  3.620852E-04  3.011318E-08  3.132387E-07  1.308872E-07
   7  918.131  294.518  2.276070E+25  1.159635E+22  2.064809E+20  1.737048E+16  1.786262E+17  7.365163E+16  1.952789E-02  3.626923E-04  3.086301E-08  3.137649E-07  1.276239E-07
   8  891.679  292.992  2.238559E+25  1.064443E+22  2.033595E+20  1.744049E+16  1.759262E+17  7.087951E+16  1.845573E-02  3.630889E-04  3.138399E-08  3.141080E-07  1.253288E-07
   9  865.641  291.458  2.204150E+25  9.890488E+21  2.004520E+20  1.745972E+16  1.734108E+17  6.852397E+16  1.738889E-02  3.634835E-04  3.190403E-08  3.144492E-07  1.230365E-07
   10  840.014  289.903  2.168910E+25  9.148987E+21  1.974629E+20  1.746493E+16  1.708249E+17  6.617484E+16  1.630716E-02  3.638837E-04  3.243133E-08  3.147953E-07  1.207121E-07
   11  814.806  288.357  2.129685E+25  8.384977E+21  1.941131E+20  1.743022E+16  1.679270E+17  6.378920E+16  1.514142E-02  3.643149E-04  3.295952E-08  3.151683E-07  1.185742E-07
   12  790.018  287.067  2.095933E+25  7.482939E+21  1.913214E+20  1.741887E+16  1.655122E+17  6.213386E+16  1.337401E-02  3.649687E-04  3.344012E-08  3.157353E-07  1.182669E-07
   13  765.644  286.010  2.058071E+25  6.430969E+21  1.882044E+20  1.735351E+16  1.628165E+17  6.085206E+16  1.158147E-02  3.656318E-04  3.392755E-08  3.163104E-07  1.179552E-07
   14  741.695  284.938  2.019599E+25  5.398391E+21  1.850237E+20  1.727720E+16  1.600656E+17  5.955590E+16  9.763243E-03  3.663044E-04  3.442196E-08  3.168938E-07  1.176391E-07
   15  718.164  283.724  1.983534E+25  4.458968E+21  1.820315E+20  1.718788E+16  1.574773E+17  5.865032E+16  8.188023E-03  3.668871E-04  3.480968E-08  3.173977E-07  1.185985E-07
   16  695.054  282.145  1.947031E+25  3.718504E+21  1.789251E+20  1.701333E+16  1.547892E+17  5.858856E+16  7.064144E-03  3.673028E-04  3.500254E-08  3.177543E-07  1.218268E-07
   17  672.368  280.320  1.910095E+25  3.106720E+21  1.757311E+20  1.678345E+16  1.520245E+17  5.903183E+16  5.923803E-03  3.677247E-04  3.519823E-08  3.181161E-07  1.251024E-07
   18  650.105  278.468  1.872570E+25  2.507362E+21  1.724778E+20  1.654611E+16  1.492087E+17  5.941843E+16  4.766609E-03  3.681527E-04  3.539681E-08  3.184833E-07  1.284264E-07
   19  628.265  276.602  1.837212E+25  2.067106E+21  1.693664E+20  1.638788E+16  1.465162E+17  5.989209E+16  4.219290E-03  3.683552E-04  3.587021E-08  3.186581E-07  1.320410E-07
   20  606.848  274.727  1.801473E+25  1.833825E+21  1.661431E+20  1.630830E+16  1.437278E+17  6.039074E+16  3.911777E-03  3.684689E-04  3.645825E-08  3.187572E-07  1.358052E-07
   21  585.853  272.830  1.765189E+25  1.659994E+21  1.628475E+20  1.624160E+16  1.408772E+17  6.085011E+16  3.599597E-03  3.685844E-04  3.705521E-08  3.188578E-07  1.396265E-07
   22  565.285  270.909  1.728392E+25  1.487938E+21  1.595036E+20  1.616453E+16  1.379848E+17  6.104477E+16  3.276170E-03  3.687041E-04  3.766739E-08  3.189620E-07  1.425647E-07
   23  545.139  268.984  1.693211E+25  1.313607E+21  1.563102E+20  1.610257E+16  1.352225E+17  6.020487E+16  2.919871E-03  3.688359E-04  3.831536E-08  3.190767E-07  1.415015E-07
   24  525.416  267.050  1.657387E+25  1.136843E+21  1.530583E+20  1.603282E+16  1.324095E+17  5.848659E+16  2.558025E-03  3.689697E-04  3.897342E-08  3.191931E-07  1.404217E-07
   25  506.115  265.086  1.621041E+25  9.639569E+20  1.497565E+20  1.595029E+16  1.295534E+17  5.676248E+16  2.190510E-03  3.691057E-04  3.964179E-08  3.193114E-07  1.393251E-07
   26  487.236  263.116  1.586146E+25  8.161220E+20  1.465798E+20  1.587734E+16  1.268055E+17  5.559290E+16  1.918645E-03  3.692062E-04  4.033521E-08  3.193989E-07  1.407002E-07
   27  468.776  261.149  1.548873E+25  6.971766E+20  1.431722E+20  1.577599E+16  1.238578E+17  5.498114E+16  1.675797E-03  3.692961E-04  4.104443E-08  3.194771E-07  1.429154E-07
   28  450.739  259.156  1.514767E+25  5.889568E+20  1.400538E+20  1.569982E+16  1.211603E+17  5.461754E+16  1.429023E-03  3.693873E-04  4.176513E-08  3.195566E-07  1.451664E-07
   29  433.117  257.138  1.478391E+25  4.902365E+20  1.367219E+20  1.559323E+16  1.182782E+17  5.275738E+16  1.218807E-03  3.694651E-04  4.250647E-08  3.196250E-07  1.399011E-07
   30  415.914  255.098  1.443290E+25  4.115424E+20  1.335006E+20  1.549514E+16  1.154920E+17  4.781509E+16  1.058185E-03  3.695245E-04  4.327165E-08  3.196786E-07  1.246747E-07
   31  399.126  253.031  1.407704E+25  3.443362E+20  1.302301E+20  1.538491E+16  1.126635E+17  4.122712E+16  8.948899E-04  3.695849E-04  4.404956E-08  3.197331E-07  1.091948E-07
   32  382.751  250.937  1.373250E+25  2.813517E+20  1.270628E+20  1.530698E+16  1.099211E+17  3.484215E+16  7.408953E-04  3.696419E-04  4.501008E-08  3.197663E-07  9.340086E-08
   33  366.789  248.849  1.338300E+25  2.300182E+20  1.238453E+20  1.535238E+16  1.071203E+17  2.858464E+16  6.314771E-04  3.696824E-04  4.665128E-08  3.197134E-07  7.712653E-08
   34  351.236  246.759  1.302980E+25  1.879648E+20  1.205902E+20  1.548693E+16  1.042758E+17  2.247833E+16  5.201765E-04  3.697236E-04  4.832072E-08  3.196595E-07  6.057222E-08
   35  336.091  244.632  1.268665E+25  1.475163E+20  1.174275E+20  1.561451E+16  1.015116E+17  1.664082E+16  4.079196E-04  3.697651E-04  5.002341E-08  3.195994E-07  4.409348E-08
   36  321.351  242.494  1.235196E+25  1.153061E+20  1.143401E+20  1.576333E+16  9.877794E+16  1.355596E+16  3.373692E-04  3.697912E-04  5.194853E-08  3.192980E-07  4.358331E-08
   37  307.014  240.343  1.201334E+25  9.074096E+19  1.112134E+20  1.591524E+16  9.597854E+16  1.302955E+16  2.655650E-04  3.698177E-04  5.390786E-08  3.189913E-07  4.306407E-08
   38  293.077  238.155  1.167075E+25  6.699318E+19  1.080497E+20  1.603878E+16  9.315111E+16  1.250497E+16  1.924670E-04  3.698448E-04  5.590250E-08  3.186791E-07  4.253548E-08
   39  279.537  235.927  1.133629E+25  4.911252E+19  1.049591E+20  1.632777E+16  9.032174E+16  1.203069E+16  1.533458E-04  3.698592E-04  5.919425E-08  3.178611E-07  4.224908E-08
   40  266.391  233.661  1.099843E+25  3.687817E+19  1.018350E+20  1.675891E+16  8.740132E+16  1.159327E+16  1.142041E-04  3.698737E-04  6.257191E-08  3.170179E-07  4.196239E-08
   41  253.637  231.350  1.067807E+25  2.524010E+19  9.887261E+19  1.718235E+16  8.462793E+16  1.117821E+16  7.432989E-05  3.698884E-04  6.601280E-08  3.161591E-07  4.167034E-08
   42  241.270  229.076  1.034442E+25  1.721715E+19  9.578594E+19  1.761785E+16  8.170055E+16  1.069155E+16  5.850684E-05  3.698943E-04  7.009006E-08  3.148266E-07  4.089692E-08
   43  229.287  226.836  1.002663E+25  1.278443E+19  9.284470E+19  1.811243E+16  7.885090E+16  1.016502E+16  4.323581E-05  3.698999E-04  7.426539E-08  3.134527E-07  4.009221E-08
   44  217.685  224.562  9.705603E+24  8.725907E+18  8.987342E+19  1.856360E+16  7.598806E+16  9.656513E+15  2.846929E-05  3.699054E-04  7.857940E-08  3.120413E-07  3.939082E-08
   45  206.459  222.295  9.381869E+24  5.929488E+18  8.687659E+19  1.903833E+16  7.310539E+16  9.315838E+15  2.196473E-05  3.699078E-04  8.359088E-08  3.104866E-07  3.994496E-08
   46  195.606  220.028  9.071988E+24  4.241562E+18  8.400761E+19  1.955908E+16  7.033411E+16  9.135255E+15  1.532989E-05  3.699103E-04  8.870272E-08  3.089008E-07  4.051020E-08
   47  185.121  217.709  8.759277E+24  2.742429E+18  8.111239E+19  1.999882E+16  6.755688E+16  8.913542E+15  9.630610E-06  3.699124E-04  9.375270E-08  3.072674E-07  4.079247E-08
   48  175.001  215.299  8.451799E+24  1.895673E+18  7.826537E+19  2.030355E+16  6.482969E+16  8.532385E+15  8.275787E-06  3.699129E-04  9.821508E-08  3.055369E-07  3.985332E-08
   49  165.241  212.805  8.148824E+24  1.548498E+18  7.545986E+19  2.049540E+16  6.214908E+16  8.032970E+15  6.892528E-06  3.699134E-04  1.027711E-07  3.037700E-07  3.889445E-08
   50  155.836  210.319  7.850185E+24  1.248766E+18  7.269452E+19  2.078317E+16  5.951345E+16  7.553073E+15  5.805682E-06  3.699138E-04  1.088031E-07  3.018924E-07  3.796558E-08
   51  146.781  207.897  7.555560E+24  1.022878E+18  6.996625E+19  2.127785E+16  5.691446E+16  7.096482E+15  5.002232E-06  3.699141E-04  1.162651E-07  2.999050E-07  3.706405E-08
   52  138.071  205.481  7.264937E+24  8.358335E+17  6.727507E+19  2.183115E+16  5.435992E+16  6.657788E+15  4.181092E-06  3.699144E-04  1.238914E-07  2.978738E-07  3.614267E-08
   53  129.703  203.031  6.978037E+24  6.898446E+17  6.461836E+19  2.225262E+16  5.182902E+16  6.247224E+15  3.712173E-06  3.699146E-04  1.309574E-07  2.955026E-07  3.537505E-08
   54  121.669  200.553  6.694709E+24  5.912221E+17  6.199469E+19  2.252898E+16  4.931579E+16  5.867657E+15  3.339264E-06  3.699147E-04  1.379743E-07  2.929924E-07  3.464011E-08
   55  113.966  198.111  6.419568E+24  5.091442E+17  5.944684E+19  2.302611E+16  4.687328E+16  5.518351E+15  2.993433E-06  3.699149E-04  1.487061E-07  2.903276E-07  3.403048E-08
   56  106.586  196.475  6.143136E+24  4.573068E+17  5.688704E+19  2.607718E+16  4.437604E+16  5.281030E+15  2.953490E-06  3.699149E-04  1.909227E-07  2.867521E-07  3.465786E-08
   57  99.5256  195.585  5.878186E+24  4.316348E+17  5.443352E+19  3.123953E+16  4.192964E+16  5.146691E+15  2.912585E-06  3.699149E-04  2.341558E-07  2.830905E-07  3.530035E-08
   58  92.7780  195.491  5.612326E+24  4.054050E+17  5.197161E+19  3.860359E+16  3.946412E+16  4.705048E+15  2.857805E-06  3.699149E-04  3.163677E-07  2.786384E-07  3.163306E-08
   59  86.3375  196.698  5.356504E+24  3.790016E+17  4.960262E+19  4.944035E+16  3.703432E+16  3.828981E+15  2.794297E-06  3.699149E-04  4.223054E-07  2.736743E-07  2.540237E-08
   60  80.1980  198.411  5.103334E+24  3.528572E+17  4.725821E+19  6.241781E+16  3.461687E+16  2.958306E+15  2.728901E-06  3.699150E-04  5.564931E-07  2.681875E-07  2.085434E-08
   61  74.3533  200.159  4.855837E+24  3.276524E+17  4.496630E+19  7.986330E+16  3.220131E+16  2.539908E+15  2.661109E-06  3.699150E-04  7.600458E-07  2.615368E-07  2.093573E-08
   62  68.7971  201.951  4.613771E+24  3.037475E+17  4.272472E+19  9.973148E+16  2.981204E+16  2.420250E+15  2.597835E-06  3.699150E-04  9.696067E-07  2.546058E-07  2.097430E-08
   63  63.5228  203.843  4.376850E+24  2.846391E+17  4.053078E+19  1.181975E+17  2.745448E+16  2.275262E+15  2.597835E-06  3.699150E-04  1.190832E-06  2.464278E-07  2.055170E-08
   64  58.5240  205.836  4.144836E+24  2.696547E+17  3.838227E+19  1.350997E+17  2.513732E+16  2.107654E+15  2.599870E-06  3.699150E-04  1.416343E-06  2.379861E-07  2.006734E-08
   65  53.7942  207.895  3.919746E+24  2.563791E+17  3.629788E+19  1.491238E+17  2.291173E+16  1.916373E+15  2.626062E-06  3.699150E-04  1.626060E-06  2.288775E-07  1.897728E-08
   66  49.3262  210.020  3.699089E+24  2.448961E+17  3.425453E+19  1.614304E+17  2.077728E+16  1.701427E+15  2.663763E-06  3.699150E-04  1.863999E-06  2.197368E-07  1.775224E-08
   67  45.1133  212.201  3.484637E+24  2.360112E+17  3.226865E+19  1.771909E+17  1.880694E+16  1.475415E+15  2.748611E-06  3.699150E-04  2.203682E-06  2.113253E-07  1.604889E-08
   68  41.1484  214.261  3.277654E+24  2.285705E+17  3.035193E+19  1.993812E+17  1.704392E+16  1.315846E+15  2.823973E-06  3.699149E-04  2.663351E-06  2.040080E-07  1.602455E-08
   69  37.4246  215.961  3.075948E+24  2.197924E+17  2.848408E+19  2.285189E+17  1.549052E+16  1.319424E+15  2.885775E-06  3.699149E-04  3.281907E-06  1.982425E-07  1.828131E-08
   70  33.9345  217.424  2.879410E+24  2.140168E+17  2.666408E+19  2.575291E+17  1.407617E+16  1.316077E+15  3.055235E-06  3.699148E-04  3.873477E-06  1.922185E-07  1.823418E-08
   71  30.6707  218.877  2.690324E+24  2.107853E+17  2.491309E+19  2.819909E+17  1.272989E+16  1.239141E+15  3.206938E-06  3.699148E-04  4.511599E-06  1.857017E-07  1.856962E-08
   72  27.6259  220.365  2.507508E+24  2.023637E+17  2.322016E+19  3.065167E+17  1.142743E+16  1.250183E+15  3.241282E-06  3.699148E-04  5.267819E-06  1.782623E-07  2.131144E-08
   73  24.7927  221.932  2.330569E+24  1.917075E+17  2.158167E+19  3.278154E+17  1.024016E+16  1.242853E+15  3.332204E-06  3.699147E-04  5.982932E-06  1.726730E-07  2.129382E-08
   74  22.1634  223.591  2.160154E+24  1.830024E+17  2.000357E+19  3.428166E+17  9.195636E+15  1.135025E+15  3.438132E-06  3.699147E-04  6.709924E-06  1.673246E-07  2.067311E-08
   75  19.7305  225.318  1.996211E+24  1.745033E+17  1.848542E+19  3.537882E+17  8.225618E+15  1.017302E+15  3.548068E-06  3.699146E-04  7.464430E-06  1.617738E-07  2.002891E-08
   76  17.4862  227.095  1.839030E+24  1.661696E+17  1.702987E+19  3.576804E+17  7.318177E+15  9.200931E+14  3.673407E-06  3.699146E-04  8.087032E-06  1.560323E-07  1.994091E-08
   77  15.4228  228.915  1.688418E+24  1.581407E+17  1.563517E+19  3.526119E+17  6.471860E+15  8.503253E+14  3.812485E-06  3.699145E-04  8.609025E-06  1.500785E-07  2.030267E-08
   78  13.5325  230.796  1.544215E+24  1.501188E+17  1.429982E+19  3.430810E+17  5.684332E+15  7.919671E+14  3.957417E-06  3.699145E-04  9.152989E-06  1.438741E-07  2.067965E-08
   79  11.8074  232.790  1.406730E+24  1.415190E+17  1.302667E+19  3.275790E+17  4.929358E+15  7.208052E+14  4.082829E-06  3.699144E-04  9.458405E-06  1.358962E-07  2.024733E-08
   80  10.2397  234.919  1.275876E+24  1.322996E+17  1.181493E+19  3.055761E+17  4.201920E+15  6.349339E+14  4.204473E-06  3.699144E-04  9.681610E-06  1.270050E-07  1.949280E-08
   81  8.82158  237.168  1.151887E+24  1.230418E+17  1.066676E+19  2.812920E+17  3.525997E+15  5.583651E+14  4.332748E-06  3.699144E-04  9.832143E-06  1.173070E-07  1.922777E-08
   82  7.54497  239.553  1.034490E+24  1.139309E+17  9.579631E+18  2.537581E+17  2.896410E+15  5.124457E+14  4.469703E-06  3.699143E-04  9.763608E-06  1.060824E-07  2.037869E-08
   83  6.40200  242.085  9.238368E+23  1.049944E+17  8.554955E+18  2.244814E+17  2.319274E+15  4.870339E+14  4.614209E-06  3.699143E-04  9.646158E-06  9.415363E-08  2.177894E-08
   84  5.38483  244.782  8.197996E+23  9.624414E+16  7.591544E+18  1.933108E+17  1.797964E+15  4.759417E+14  4.769784E-06  3.699142E-04  9.179023E-06  8.066785E-08  2.468948E-08
   85  4.48549  247.675  7.225771E+23  8.772907E+16  6.691239E+18  1.612209E+17  1.339328E+15  4.726134E+14  4.935310E-06  3.699141E-04  8.629445E-06  6.698929E-08  2.765875E-08
   86  3.69616  250.806  6.319409E+23  7.944355E+16  5.851925E+18  1.305799E+17  9.643932E+14  4.587277E+14  5.114241E-06  3.699141E-04  7.853410E-06  5.452143E-08  3.042739E-08
   87  3.00905  254.192  5.479390E+23  7.142796E+16  5.074045E+18  1.014475E+17  6.679462E+14  4.235877E+14  5.307205E-06  3.699140E-04  6.904875E-06  4.244402E-08  3.136751E-08
   88  2.41639  257.810  4.704550E+23  6.364612E+16  4.356524E+18  7.509433E+16  4.337195E+14  3.712996E+14  5.508824E-06  3.699139E-04  5.806280E-06  3.077040E-08  3.169935E-08
   89  1.91046  261.700  3.995769E+23  5.582317E+16  3.700176E+18  5.303831E+16  2.612017E+14  3.638691E+14  5.658739E-06  3.699138E-04  4.755971E-06  2.106304E-08  4.144801E-08
   90  1.48367  265.761  3.350320E+23  4.812370E+16  3.102474E+18  3.614429E+16  1.469663E+14  3.739157E+14  5.824241E-06  3.699138E-04  3.822377E-06  1.365993E-08  4.800351E-08
   91  1.12861  269.182  2.767273E+23  4.056422E+16  2.562871E+18  2.376738E+16  7.616305E+13  3.593692E+14  5.890029E-06  3.700082E-04  3.000523E-06  8.063995E-09  5.613351E-08
   92  0.837870  269.909  2.247934E+23  3.304447E+16  2.082631E+18  1.507083E+16  3.691660E+13  3.489896E+14  5.852229E-06  3.701808E-04  2.320541E-06  4.892187E-09  6.854202E-08
   93  0.604268  266.814  1.787512E+23  2.602124E+16  1.656760E+18  9.172169E+15  1.903466E+13  3.408113E+14  5.773503E-06  3.703169E-04  1.746252E-06  3.538240E-09  8.470460E-08
   94  0.420779  260.920  1.387507E+23  1.979768E+16  1.286472E+18  5.309286E+15  1.101100E+13  3.352430E+14  5.616071E-06  3.704453E-04  1.281362E-06  2.752055E-09  1.099292E-07
   95  0.280565  253.147  1.043809E+23  1.434316E+16  9.681513E+17  2.934671E+15  6.491150E+12  3.391557E+14  5.342625E-06  3.705863E-04  9.404734E-07  2.175032E-09  1.527175E-07
   96  0.177121  244.009  7.547754E+22  9.745404E+15  7.003636E+17  1.540446E+15  3.711544E+12  3.496846E+14  4.940000E-06  3.707630E-04  6.678189E-07  1.716157E-09  2.231788E-07
   97  0.104074  233.844  5.196333E+22  6.095490E+15  4.824441E+17  7.251992E+14  2.023838E+12  3.615381E+14  4.378100E-06  3.710128E-04  4.238776E-07  1.361624E-09  3.442389E-07
   98  5.543968E-02  222.896  3.333288E+22  3.394609E+15  3.096652E+17  2.910361E+14  1.029257E+12  3.980453E+14  3.677987E-06  3.712238E-04  2.542567E-07  1.072167E-09  6.441559E-07
   99  2.565465E-02  211.655  1.933754E+22  1.601561E+15  1.794679E+17  1.193157E+14  4.684345E+11  5.066943E+14  2.815785E-06  3.700845E-04  2.361048E-07  8.283693E-10  1.583305E-06
   100  9.492198E-03  199.442  9.643791E+21  5.657630E+14  8.904799E+16  6.316971E+13  1.744245E+11  5.537509E+14  1.649414E-06  3.670468E-04  2.992209E-07  5.669119E-10  3.337846E-06
