   4  999.942  297.613  5.964153E+23  1.396344E+22  2.133143E+20  1.695596E+16  2.341228E-02  3.576607E-04  2.842978E-08
   5  972.264  296.081  5.873619E+23  1.277430E+22  2.100763E+20  1.711539E+16  2.174861E-02  3.576607E-04  2.913943E-08
   6  944.993  294.532  5.783571E+23  1.168836E+22  2.068556E+20  1.724355E+16  2.020958E-02  3.576607E-04  2.981471E-08
   7  918.130  292.916  5.693523E+23  1.074883E+22  2.036349E+20  1.732575E+16  1.887904E-02  3.576607E-04  3.043063E-08
   8  891.679  291.267  5.603582E+23  9.979078E+21  2.004181E+20  1.735357E+16  1.780839E-02  3.576607E-04  3.096872E-08
   9  865.640  289.671  5.513751E+23  9.305013E+21  1.972052E+20  1.733942E+16  1.687601E-02  3.576607E-04  3.144759E-08
   10  840.016  288.231  5.423470E+23  8.623154E+21  1.939762E+20  1.730003E+16  1.589970E-02  3.576607E-04  3.189845E-08
   11  814.807  287.024  5.332516E+23  7.829047E+21  1.907231E+20  1.725346E+16  1.468171E-02  3.576607E-04  3.235520E-08
   12  790.017  286.003  5.240429E+23  6.863458E+21  1.874295E+20  1.720694E+16  1.309713E-02  3.576607E-04  3.283498E-08
   13  765.645  285.003  5.147882E+23  5.806038E+21  1.841195E+20  1.714113E+16  1.127850E-02  3.576607E-04  3.329744E-08
   14  741.693  283.826  5.055119E+23  4.761990E+21  1.808017E+20  1.702954E+16  9.420134E-03  3.576607E-04  3.368772E-08
   15  718.162  282.329  4.962579E+23  3.836964E+21  1.774919E+20  1.684675E+16  7.731794E-03  3.576607E-04  3.394756E-08
   16  695.054  280.531  4.870482E+23  3.090154E+21  1.741980E+20  1.659751E+16  6.344657E-03  3.576607E-04  3.407776E-08
   17  672.367  278.562  4.779002E+23  2.513560E+21  1.709261E+20  1.633129E+16  5.259593E-03  3.576607E-04  3.417302E-08
   18  650.104  276.565  4.687977E+23  2.093525E+21  1.676705E+20  1.610045E+16  4.465733E-03  3.576607E-04  3.434414E-08
   19  628.263  274.627  4.597288E+23  1.813930E+21  1.644269E+20  1.595240E+16  3.945653E-03  3.576607E-04  3.469959E-08
   20  606.847  272.742  4.507112E+23  1.636133E+21  1.612017E+20  1.588086E+16  3.630113E-03  3.576607E-04  3.523512E-08
   21  585.854  270.868  4.417078E+23  1.508205E+21  1.579815E+20  1.584643E+16  3.414485E-03  3.576607E-04  3.587537E-08
   22  565.285  268.965  4.327026E+23  1.377704E+21  1.547607E+20  1.580964E+16  3.183951E-03  3.576607E-04  3.653697E-08
   23  545.139  267.025  4.236818E+23  1.213071E+21  1.515343E+20  1.574535E+16  2.863166E-03  3.576607E-04  3.716316E-08
   24  525.416  265.060  4.146844E+23  1.031775E+21  1.483163E+20  1.566389E+16  2.488096E-03  3.576607E-04  3.777305E-08
   25  506.115  263.086  4.056896E+23  8.581460E+20  1.450992E+20  1.557815E+16  2.115278E-03  3.576607E-04  3.839919E-08
   26  487.236  261.110  3.967188E+23  7.143420E+20  1.418907E+20  1.550047E+16  1.800625E-03  3.576607E-04  3.907169E-08
   27  468.777  259.124  3.877906E+23  6.017427E+20  1.386975E+20  1.542377E+16  1.551721E-03  3.576607E-04  3.977345E-08
   28  450.738  257.113  3.788848E+23  5.109942E+20  1.355122E+20  1.532955E+16  1.348680E-03  3.576607E-04  4.045965E-08
   29  433.117  255.070  3.700146E+23  4.327956E+20  1.323397E+20  1.520149E+16  1.169672E-03  3.576607E-04  4.108348E-08
   30  415.914  252.996  3.611937E+23  3.621643E+20  1.291848E+20  1.505644E+16  1.002687E-03  3.576607E-04  4.168524E-08
   31  399.126  250.906  3.523567E+23  2.992030E+20  1.260242E+20  1.494721E+16  8.491480E-04  3.576607E-04  4.242067E-08
   32  382.751  248.809  3.436120E+23  2.444652E+20  1.228965E+20  1.493594E+16  7.114572E-04  3.576607E-04  4.346746E-08
   33  366.789  246.708  3.349019E+23  1.978952E+20  1.197812E+20  1.504172E+16  5.909049E-04  3.576607E-04  4.491381E-08
   34  351.236  244.598  3.262194E+23  1.585107E+20  1.166758E+20  1.520620E+16  4.859022E-04  3.576607E-04  4.661343E-08
   35  336.091  242.473  3.175720E+23  1.252002E+20  1.135830E+20  1.536106E+16  3.942420E-04  3.576607E-04  4.837032E-08
   36  321.351  240.324  3.090391E+23  9.700901E+19  1.105311E+20  1.546839E+16  3.139053E-04  3.576607E-04  5.005318E-08
   37  307.014  238.136  3.005112E+23  7.346473E+19  1.074810E+20  1.558053E+16  2.444659E-04  3.576607E-04  5.184678E-08
   38  293.077  235.898  2.920532E+23  5.427834E+19  1.044560E+20  1.578134E+16  1.858508E-04  3.576607E-04  5.403584E-08
   39  279.537  233.616  2.836588E+23  3.910994E+19  1.014536E+20  1.612650E+16  1.378767E-04  3.576607E-04  5.685176E-08
   40  266.392  231.315  2.753346E+23  2.752816E+19  9.847638E+19  1.657043E+16  9.998075E-05  3.576607E-04  6.018288E-08
   41  253.637  229.023  2.670743E+23  1.907387E+19  9.552197E+19  1.704010E+16  7.141785E-05  3.576607E-04  6.380285E-08
   42  241.270  226.757  2.588904E+23  1.324446E+19  9.259491E+19  1.748323E+16  5.115855E-05  3.576607E-04  6.753140E-08
   43  229.287  224.512  2.507759E+23  9.344070E+18  8.969269E+19  1.793074E+16  3.726064E-05  3.576607E-04  7.150106E-08
   44  217.685  222.280  2.427477E+23  6.629581E+18  8.682133E+19  1.843778E+16  2.731058E-05  3.576607E-04  7.595450E-08
   45  206.459  220.027  2.347964E+23  4.525411E+18  8.397744E+19  1.901346E+16  1.927377E-05  3.576607E-04  8.097852E-08
   46  195.606  217.701  2.269246E+23  2.961279E+18  8.116202E+19  1.953391E+16  1.304962E-05  3.576607E-04  8.608105E-08
   47  185.122  215.262  2.191568E+23  1.961934E+18  7.838379E+19  1.985428E+16  8.952194E-06  3.576607E-04  9.059395E-08
   48  175.001  212.748  2.114549E+23  1.473620E+18  7.562911E+19  1.995712E+16  6.968955E-06  3.576607E-04  9.438001E-08
   49  165.241  210.260  2.038819E+23  1.271752E+18  7.292053E+19  2.012778E+16  6.237692E-06  3.576607E-04  9.872274E-08
   50  155.836  207.852  1.963826E+23  1.117940E+18  7.023833E+19  2.065473E+16  5.692665E-06  3.576607E-04  1.051760E-07
   51  146.781  205.457  1.889843E+23  9.222291E+17  6.759226E+19  2.140784E+16  4.879924E-06  3.576607E-04  1.132784E-07
   52  138.072  202.947  1.817089E+23  7.324472E+17  6.499014E+19  2.186131E+16  4.030882E-06  3.576607E-04  1.203095E-07
   53  129.703  200.348  1.745199E+23  5.948961E+17  6.241892E+19  2.162650E+16  3.408757E-06  3.576607E-04  1.239199E-07
   54  121.669  197.914  1.674633E+23  5.116048E+17  5.989504E+19  2.148610E+16  3.055026E-06  3.576607E-04  1.283033E-07
   55  113.965  195.998  1.605023E+23  4.636641E+17  5.740535E+19  2.273314E+16  2.888832E-06  3.576607E-04  1.416375E-07
   56  106.586  194.946  1.536821E+23  4.345132E+17  5.496606E+19  2.632236E+16  2.827350E-06  3.576607E-04  1.712779E-07
   57  99.5256  195.077  1.469541E+23  4.129940E+17  5.255969E+19  3.225212E+16  2.810361E-06  3.576607E-04  2.194707E-07
   58  92.7781  196.391  1.403793E+23  3.900769E+17  5.020814E+19  4.044030E+16  2.778736E-06  3.576607E-04  2.880789E-07
   59  86.3375  198.335  1.339226E+23  3.635898E+17  4.789887E+19  5.171845E+16  2.714924E-06  3.576607E-04  3.861815E-07
   60  80.1980  200.250  1.275829E+23  3.362238E+17  4.563139E+19  6.749948E+16  2.635336E-06  3.576607E-04  5.290638E-07
   61  74.3533  202.004  1.213945E+23  3.107333E+17  4.341804E+19  8.745177E+16  2.559698E-06  3.576607E-04  7.203932E-07
   62  68.7970  203.841  1.153254E+23  2.895380E+17  4.124735E+19  1.082048E+17  2.510619E-06  3.576607E-04  9.382571E-07
   63  63.5228  205.841  1.094101E+23  2.738002E+17  3.913168E+19  1.267874E+17  2.502514E-06  3.576607E-04  1.158827E-06
   64  58.5241  207.908  1.036201E+23  2.605231E+17  3.706084E+19  1.418854E+17  2.514214E-06  3.576607E-04  1.369284E-06
   65  53.7942  210.046  9.797684E+22  2.477249E+17  3.504246E+19  1.535968E+17  2.528403E-06  3.576607E-04  1.567685E-06
   66  49.3262  212.297  9.248317E+22  2.381433E+17  3.307759E+19  1.650886E+17  2.574990E-06  3.576607E-04  1.785066E-06
   67  45.1133  214.399  8.713085E+22  2.321217E+17  3.116328E+19  1.812466E+17  2.664059E-06  3.576607E-04  2.080165E-06
   68  41.1484  216.052  8.193163E+22  2.233038E+17  2.930372E+19  2.092430E+17  2.725489E-06  3.576607E-04  2.553873E-06
   69  37.4246  217.450  7.688206E+22  2.137717E+17  2.749769E+19  2.439215E+17  2.780514E-06  3.576607E-04  3.172672E-06
   70  33.9345  218.887  7.198838E+22  2.130570E+17  2.574742E+19  2.694045E+17  2.959603E-06  3.576608E-04  3.742333E-06
   71  30.6707  220.381  6.724888E+22  2.099604E+17  2.405227E+19  2.921990E+17  3.122140E-06  3.576605E-04  4.345039E-06
   72  27.6259  221.937  6.266503E+22  1.968173E+17  2.241280E+19  3.188001E+17  3.140784E-06  3.576604E-04  5.087368E-06
   73  24.7927  223.592  5.824485E+22  1.850102E+17  2.083206E+19  3.406918E+17  3.176422E-06  3.576635E-04  5.849302E-06
   74  22.1634  225.332  5.398486E+22  1.768587E+17  1.930861E+19  3.550964E+17  3.276079E-06  3.576671E-04  6.577702E-06
   75  19.7305  227.122  4.988620E+22  1.703682E+17  1.784255E+19  3.622303E+17  3.415137E-06  3.576651E-04  7.261133E-06
   76  17.4862  228.943  4.594811E+22  1.637259E+17  1.643339E+19  3.623491E+17  3.563279E-06  3.576510E-04  7.886051E-06
   77  15.4228  230.817  4.218047E+22  1.562215E+17  1.508522E+19  3.558209E+17  3.703646E-06  3.576353E-04  8.435680E-06
   78  13.5325  232.795  3.857619E+22  1.479047E+17  1.379670E+19  3.429147E+17  3.834094E-06  3.576480E-04  8.889282E-06
   79  11.8074  234.913  3.513840E+22  1.389193E+17  1.256955E+19  3.241236E+17  3.953489E-06  3.577155E-04  9.224198E-06
   80  10.2397  237.179  3.186521E+22  1.296421E+17  1.139986E+19  3.007139E+17  4.068452E-06  3.577526E-04  9.437060E-06
   81  8.82160  239.583  2.876534E+22  1.205890E+17  1.028602E+19  2.743979E+17  4.192163E-06  3.575839E-04  9.539186E-06
   82  7.54500  242.111  2.583056E+22  1.118292E+17  9.229826E+18  2.460332E+17  4.329336E-06  3.573220E-04  9.524887E-06
   83  6.40200  244.768  2.306359E+22  1.028927E+17  8.251907E+18  2.155068E+17  4.461260E-06  3.577894E-04  9.344029E-06
   84  5.38480  247.687  2.046257E+22  9.388852E+16  7.343640E+18  1.831417E+17  4.588306E-06  3.588817E-04  8.950083E-06
   85  4.48550  250.946  1.803449E+22  8.651411E+16  6.430593E+18  1.506639E+17  4.797148E-06  3.565720E-04  8.354212E-06
   86  3.69620  254.065  1.576647E+22  7.936629E+16  5.574022E+18  1.198688E+17  5.033864E-06  3.535364E-04  7.602762E-06
   87  3.00910  257.741  1.366739E+22  6.674843E+16  5.050657E+18  9.253650E+16  4.883773E-06  3.695407E-04  6.770605E-06
   88  2.41640  262.856  1.173236E+22  6.430777E+16  4.115293E+18  6.516927E+16  5.481231E-06  3.507644E-04  5.554661E-06
   89  1.91050  262.423  9.960113E+21  6.419646E+16  3.115654E+18  4.245125E+16  6.445355E-06  3.128131E-04  4.262125E-06
   90  1.48370  271.208  8.348657E+21  9.119329E+15  4.741704E+18  4.276607E+16  1.092311E-06  5.679601E-04  5.122508E-06
   91  1.12860  278.077  6.893430E+21  8.434370E+16  3.923105E+17  5.884295E+15  1.223537E-05  5.691078E-05  8.536091E-07
   92  0.837900  270.809  5.595929E+21  3.826044E+16  1.695752E+18  1.174888E+16  6.837192E-06  3.030332E-04  2.099541E-06
   93  0.604300  265.948  4.446592E+21  3.729213E+16  1.009637E+18  5.072871E+15  8.386677E-06  2.270586E-04  1.140845E-06
   94  0.420800  257.687  3.448581E+21  2.640710E+16  8.656500E+17  3.321505E+15  7.657382E-06  2.510163E-04  9.631514E-07
   95  0.280600  248.559  2.591657E+21  1.928080E+16  6.310192E+17  1.734763E+15  7.439564E-06  2.434810E-04  6.693644E-07
   96  0.177100  238.275  1.871581E+21  1.278993E+16  4.605740E+17  9.147654E+14  6.833757E-06  2.460882E-04  4.887661E-07
   97  0.104100  227.152  1.286154E+21  7.795528E+15  3.156318E+17  3.884462E+14  6.061115E-06  2.454074E-04  3.020215E-07
   98  5.540000E-02  215.821  8.230091E+20  4.178284E+15  2.024187E+17  1.368961E+14  5.076839E-06  2.459496E-04  1.663360E-07
   99  2.570000E-02  203.707  4.756453E+20  1.854526E+15  1.166208E+17  7.935000E+13  3.898968E-06  2.451843E-04  1.668260E-07
   100  9.500000E-03  114.122  2.294805E+20  5.219457E+14  5.572742E+16  5.193457E+13  2.274466E-06  2.428417E-04  2.263137E-07
