! HCOOH formic acid
! slightly based on Rinsland et al GRL 2006, doi:10.1029/2006GL027128
32
 5.000e-04,  5.000e-04,  5.000e-04,  5.000e-04,  5.000e-04,
 5.000e-04,  5.000e-04,  5.000e-04,  5.000e-04,  5.000e-04,
 4.934e-04,  4.839e-04,  4.727e-04,  4.595e-04,  4.441e-04,
 4.261e-04,  4.051e-04,  3.805e-04,  3.517e-04,  3.181e-04,
 2.787e-04,  2.328e-04,  1.794e-04,  1.173e-04,  5.000e-05,
 5.000e-05,  5.000e-05,  5.000e-05,  5.000e-05,  5.000e-05,
 5.000e-05,  5.000e-05,  5.000e-05,  5.000e-05,  5.000e-05,
 5.000e-05,  5.000e-05,  5.000e-05,  5.000e-05,  5.000e-05,
 5.000e-05,  5.000e-05,  5.000e-05,  5.000e-05,  5.000e-05,
 5.000e-05,  5.000e-05,  5.000e-05,  5.000e-05,  5.000e-05
