 33
 4.200e-06,  4.200e-06,  4.200e-06,  4.200e-06,  4.200e-06,
 4.200e-06,  4.200e-06,  4.200e-06,  4.200e-06,  4.200e-06,
 4.200e-06,  4.200e-06,  4.200e-06,  4.200e-06,  4.200e-06,
 4.200e-06,  4.200e-06,  4.200e-06,  4.200e-06,  4.200e-06,
 4.200e-06,  4.200e-06,  4.200e-06,  4.200e-06,  4.200e-06,
 4.200e-06,  4.200e-06,  4.200e-06,  4.200e-06,  4.200e-06,
 4.200e-06,  4.200e-06,  4.200e-06,  4.200e-06,  4.200e-06,
 4.200e-06,  4.200e-06,  4.200e-06,  4.200e-06,  4.200e-06,
 4.200e-06,  4.200e-06,  4.200e-06,  4.200e-06,  4.200e-06,
 4.200e-06,  4.200e-06,  4.200e-06,  4.200e-06,  4.200e-06

