! atomic oxygen (daytime)
! 40-120 km based on Lin/Chance/Traub JGR v92d4 April 1987 
34
 1.000e-06,  1.000e-06,  1.000e-06,  1.000e-06,  1.000e-06,
 1.000e-06,  1.000e-06,  1.000e-06,  1.000e-06,  1.000e-06,
 1.000e-06,  1.000e-06,  1.000e-06,  1.000e-06,  1.000e-06,
 1.000e-06,  1.000e-06,  1.200e-06,  1.500e-06,  3.000e-06,
 6.000e-06,  1.200e-05,  2.500e-05,  5.000e-05,  1.000e-04,
 2.000e-04,  4.000e-04,  8.000e-04,  1.600e-03,  3.000e-03,
 6.000e-03,  1.300e-02,  2.500e-02,  5.100e-02,  1.300e-01,
 2.800e-01,  5.000e-01,  1.200e+00,  2.200e+00,  3.200e+00,
 9.600e+00,  1.600e+01,  2.000e+02,  2.500e+03,  1.200e+04,
 5.600e+04,  8.300e+04,  1.100e+05,  1.400e+05,  1.700e+05
