!  ClONO2 same as 61
!   0 -120   Mark Allen/FASCODE
35
       4.737E-06, 4.162E-06, 3.587E-06, 2.891E-06, 2.195E-06,
       1.717E-06, 1.238E-06, 9.775E-07, 7.170E-07, 6.231E-07,
       5.292E-07, 5.313E-07, 5.334E-07, 1.451E-06, 2.368E-06,
       1.037E-05, 1.837E-05, 5.571E-05, 9.304E-05, 1.748E-04,
       2.566E-04, 3.681E-04, 4.796E-04, 5.910E-04, 7.024E-04,
       7.724E-04, 8.587E-04, 7.428E-04, 4.585E-04, 2.005E-04,
       5.867E-05, 8.818E-06, 1.319E-06, 1.610E-07, 1.889E-08,
       1.855E-09, 7.032E-11, 2.870E-12, 2.174E-13, 3.025E-14,
       3.257E-15, 2.634E-17, 3.313E-20, 2.134E-23, 1.366E-25,
       4.128E-28, 3.433E-30, 1.0000-30, 1.0000-30, 1.0000-30
!
