36
 1.000e-06,  1.000e-06,  1.000e-06,  1.000e-06,  1.000e-06,
 1.000e-06,  1.000e-06,  1.000e-06,  1.000e-06,  1.000e-06,
 1.000e-06,  1.000e-06,  1.000e-06,  1.000e-06,  1.000e-06,
 1.000e-06,  1.000e-06,  1.000e-06,  1.000e-06,  1.000e-06,
 1.000e-06,  1.000e-06,  1.000e-06,  1.000e-06,  1.000e-06,
 1.000e-06,  1.000e-06,  1.000e-06,  1.000e-06,  1.000e-06,
 1.000e-06,  1.000e-06,  1.000e-06,  1.000e-06,  1.002e-06,
 1.004e-06,  1.007e-06,  1.015e-06,  1.031e-06,  1.062e-06,
 1.125e-06,  1.250e-06,  1.500e-06,  2.000e-06,  3.000e-06,
 6.000e-06,  1.200e-05,  2.400e-05,  4.800e-05,  9.600e-05
