 37
 3.500e-05,  3.500e-05,  3.500e-05,  3.500e-05,  3.500e-05,
 3.500e-05,  3.500e-05,  3.500e-05,  3.500e-05,  3.500e-05,
 3.453e-05,  3.385e-05,  3.305e-05,  3.210e-05,  3.100e-05,
 2.971e-05,  2.821e-05,  2.645e-05,  2.439e-05,  2.198e-05,
 1.916e-05,  1.588e-05,  1.206e-05,  7.619e-06,  2.800e-06,
 2.800e-06,  2.800e-06,  2.800e-06,  2.800e-06,  2.800e-06,
 2.800e-06,  2.800e-06,  2.800e-06,  2.800e-06,  2.800e-06,
 2.800e-06,  2.800e-06,  2.800e-06,  2.800e-06,  2.800e-06,
 2.800e-06,  2.800e-06,  2.800e-06,  2.800e-06,  2.800e-06,
 2.800e-06,  2.800e-06,  2.800e-06,  2.800e-06,  2.800e-06
