 38
 2.000e-04,  2.000e-04,  2.000e-04,  2.000e-04,  2.000e-04,
 2.000e-04,  2.000e-04,  2.000e-04,  2.000e-04,  2.000e-04,
 2.000e-04,  2.000e-04,  2.000e-04,  2.000e-04,  2.000e-04,
 2.000e-04,  2.000e-04,  2.000e-04,  2.000e-04,  2.000e-04,
 2.000e-04,  2.000e-04,  2.000e-04,  2.000e-04,  2.000e-04,
 2.000e-04,  2.000e-04,  2.000e-04,  2.000e-04,  2.000e-04,
 2.000e-04,  2.000e-04,  2.000e-04,  2.000e-04,  2.000e-04,
 2.000e-04,  2.000e-04,  2.000e-04,  2.000e-04,  2.000e-04,
 2.000e-04,  2.000e-04,  2.000e-04,  2.000e-04,  2.000e-04,
 2.000e-04,  2.000e-04,  2.000e-04,  2.000e-04,  2.000e-04

