39
 4.000e-05,  4.000e-05,  4.000e-05,  4.000e-05,  4.000e-05,
 4.000e-05,  4.000e-05,  4.000e-05,  4.000e-05,  4.000e-05,
 4.000e-05,  4.000e-05,  4.000e-05,  4.000e-05,  4.000e-05,
 4.000e-05,  4.000e-05,  4.000e-05,  4.000e-05,  4.000e-05,
 4.000e-05,  4.000e-05,  4.000e-05,  4.000e-05,  4.000e-05,
 4.000e-05,  4.000e-05,  4.000e-05,  4.000e-05,  4.000e-05,
 4.000e-05,  4.000e-05,  4.000e-05,  4.000e-05,  4.000e-05,
 4.000e-05,  4.000e-05,  4.000e-05,  4.000e-05,  4.000e-05,
 4.000e-05,  4.000e-05,  4.000e-05,  4.000e-05,  4.000e-05,
 4.000e-05,  4.000e-05,  4.000e-05,  4.000e-05,  4.000e-05
