40
 7.900e-06,  7.900e-06,  7.900e-06,  7.900e-06,  7.900e-06,
 7.900e-06,  7.900e-06,  7.900e-06,  7.900e-06,  7.900e-06,
 7.900e-06,  7.900e-06,  7.900e-06,  7.900e-06,  7.900e-06,
 7.900e-06,  7.900e-06,  7.900e-06,  7.900e-06,  7.900e-06,
 7.900e-06,  7.900e-06,  7.900e-06,  7.900e-06,  7.900e-06,
 7.900e-06,  7.900e-06,  7.900e-06,  7.900e-06,  7.900e-06,
 7.900e-06,  7.900e-06,  7.900e-06,  7.900e-06,  7.900e-06,
 7.900e-06,  7.900e-06,  7.900e-06,  7.900e-06,  7.900e-06,
 7.900e-06,  7.900e-06,  7.900e-06,  7.900e-06,  7.900e-06,
 7.900e-06,  7.900e-06,  7.900e-06,  7.900e-06,  7.900e-06
