41
 8.000e-02,  8.000e-02,  8.000e-02,  8.000e-02,  8.000e-02,
 8.000e-02,  8.000e-02,  8.000e-02,  8.000e-02,  8.000e-02,
 7.883e-02,  7.714e-02,  7.515e-02,  7.281e-02,  7.007e-02,
 6.688e-02,  6.313e-02,  5.877e-02,  5.365e-02,  4.767e-02,
 4.068e-02,  3.252e-02,  2.302e-02,  1.201e-02,  4.000e-05,
 4.000e-05,  4.000e-05,  4.000e-05,  4.000e-05,  4.000e-05,
 4.000e-05,  4.000e-05,  4.000e-05,  4.000e-05,  4.000e-05,
 4.000e-05,  4.000e-05,  4.000e-05,  4.000e-05,  4.000e-05,
 4.000e-05,  4.000e-05,  4.000e-05,  4.000e-05,  4.000e-05,
 4.000e-05,  4.000e-05,  4.000e-05,  4.000e-05,  4.000e-05
