!  CF4 (CFC14) same as 54
!   0 - 10   ATMOS SS: ConsAt 10.5 value
!  11 - 30   ATMOS SS: LinExLogMix 
!  30 - 75   ATMOS SS: ConsAt 31.5 value
!  75 -120   1.0E-15
42
        5.78E-05,  5.78E-05,  5.78E-05,  5.78E-05,  5.78E-05,
        5.78E-05,  5.78E-05,  5.78E-05,  5.78E-05,  5.78E-05,
        5.78E-05,  5.86E-05,  6.02E-05,  6.00E-05,  5.80E-05,
        5.66E-05,  5.64E-05,  5.68E-05,  5.74E-05,  5.82E-05,
        5.89E-05,  5.94E-05,  5.98E-05,  6.02E-05,  6.06E-05,
        6.07E-05,  5.90E-05,  5.64E-05,  5.94E-05,  5.94E-05,
        5.94E-05,  5.94E-05,  5.94E-05,  5.94E-05,  5.94E-05,
        5.94E-05,  5.94E-05,  5.94E-05,  5.94E-05,  5.94E-05,
        5.94E-05,  1.00E-15,  1.00E-15,  1.00E-15,  1.00E-15,
        1.00E-15,  1.00E-15,  1.00E-15,  1.00E-15,  1.00E-15
!
