 71
       1.400e-06, 1.400e-06, 1.400e-06, 1.400e-06, 1.400e-06,
       1.400e-06, 1.400e-06, 1.400e-06, 1.400e-06, 1.400e-06,
       1.389e-06, 1.374e-06, 1.356e-06, 1.335e-06, 1.311e-06,
       1.282e-06, 1.248e-06, 1.209e-06, 1.163e-06, 1.109e-06,
       1.046e-06, 9.725e-07, 8.870e-07, 7.878e-07, 6.725e-07,
       5.385e-07, 2.226e-07, 1.190e-07, 6.093e-08, 3.503e-08,
       2.036e-08, 1.102e-08, 6.337e-09, 3.697e-09, 2.194e-09,
       1.304e-09, 4.565e-10, 1.512e-10, 4.726e-11, 1.385e-11,
       3.794e-12, 9.567e-13, 2.296e-13, 5.250e-14, 1.203e-14,
       2.845e-15, 7.604e-16, 2.313e-16, 8.927e-17, 4.170e-17
