 73
       1.200e-05, 1.200e-05, 1.200e-05, 1.200e-05, 1.200e-05,
       1.200e-05, 1.200e-05, 1.200e-05, 1.200e-05, 1.200e-05,
       1.191e-05, 1.178e-05, 1.163e-05, 1.144e-05, 1.123e-05,
       1.099e-05, 1.070e-05, 1.036e-05, 9.966e-06, 9.505e-06,
       8.965e-06, 8.336e-06, 7.603e-06, 6.752e-06, 5.764e-06,
       4.615e-06, 1.908e-06, 1.020e-06, 5.223e-07, 3.002e-07,
       1.745e-07, 9.445e-08, 5.432e-08, 3.169e-08, 1.880e-08,
       1.118e-08, 3.913e-09, 1.296e-09, 4.051e-10, 1.187e-10,
       3.252e-11, 8.200e-12, 1.968e-12, 4.500e-13, 1.031e-13,
       2.438e-14, 6.518e-15, 1.983e-15, 7.651e-16, 3.575e-16
 
