 75
       1.000e-03, 1.000e-03, 1.000e-03, 1.000e-03, 1.000e-03,
       1.000e-03, 1.000e-03, 1.000e-03, 1.000e-03, 1.000e-03,
       9.925e-04, 9.816e-04, 9.688e-04, 9.537e-04, 9.362e-04,
       9.156e-04, 8.915e-04, 8.634e-04, 8.305e-04, 7.921e-04,
       7.471e-04, 6.946e-04, 6.335e-04, 5.627e-04, 4.803e-04,
       3.846e-04, 1.590e-04, 8.501e-05, 4.352e-05, 2.502e-05,
       1.455e-05, 7.871e-06, 4.526e-06, 2.641e-06, 1.567e-06,
       9.314e-07, 3.261e-07, 1.080e-07, 3.376e-08, 9.895e-09,
       2.710e-09, 6.833e-10, 1.640e-10, 3.750e-11, 8.590e-12,
       2.032e-12, 5.432e-13, 1.652e-13, 6.376e-14, 2.979e-14
