 77
       1.000e-07, 1.000e-07, 1.000e-07, 1.000e-07, 1.000e-07,
       1.000e-07, 1.000e-07, 1.000e-07, 1.000e-07, 1.000e-07,
       9.925e-08, 9.816e-08, 9.688e-08, 9.537e-08, 9.362e-08,
       9.156e-08, 8.915e-08, 8.634e-08, 8.305e-08, 7.921e-08,
       7.471e-08, 6.946e-08, 6.335e-08, 5.627e-08, 4.803e-08,
       3.846e-08, 1.590e-08, 8.501e-09, 4.352e-09, 2.502e-09,
       1.455e-09, 7.871e-10, 4.526e-10, 2.641e-10, 1.567e-10,
       9.314e-11, 3.261e-11, 1.080e-11, 3.376e-12, 9.895e-13,
       2.710e-13, 6.833e-14, 1.640e-14, 3.750e-15, 8.590e-16,
       2.032e-16, 5.432e-17, 1.652e-17, 6.376e-18, 2.979e-18
