78
       2.000e-07, 2.000e-07, 2.000e-07, 2.000e-07, 2.000e-07,
       2.000e-07, 2.000e-07, 2.000e-07, 2.000e-07, 2.000e-07,
       1.985e-07, 1.963e-07, 1.938e-07, 1.907e-07, 1.872e-07,
       1.831e-07, 1.783e-07, 1.727e-07, 1.661e-07, 1.584e-07,
       1.494e-07, 1.389e-07, 1.267e-07, 1.125e-07, 9.607e-08,
       7.692e-08, 3.181e-08, 1.700e-08, 8.704e-09, 5.004e-09,
       2.909e-09, 1.574e-09, 9.053e-10, 5.282e-10, 3.134e-10,
       1.863e-10, 6.521e-11, 2.160e-11, 6.751e-12, 1.979e-12,
       5.420e-13, 1.367e-13, 3.280e-14, 7.500e-15, 1.718e-15,
       4.064e-16, 1.086e-16, 3.305e-17, 1.275e-17, 5.958e-18
