79
       4.000e-04, 4.000e-04, 4.000e-04, 4.000e-04, 4.000e-04,
       4.000e-04, 4.000e-04, 4.000e-04, 4.000e-04, 4.000e-04,
       3.970e-04, 3.926e-04, 3.875e-04, 3.815e-04, 3.745e-04,
       3.662e-04, 3.566e-04, 3.454e-04, 3.322e-04, 3.168e-04,
       2.988e-04, 2.779e-04, 2.534e-04, 2.251e-04, 1.921e-04,
       1.538e-04, 6.361e-05, 3.400e-05, 1.741e-05, 1.001e-05,
       5.818e-06, 3.148e-06, 1.811e-06, 1.056e-06, 6.267e-07,
       3.726e-07, 1.304e-07, 4.320e-08, 1.350e-08, 3.958e-09,
       1.084e-09, 2.733e-10, 6.560e-11, 1.500e-11, 3.436e-12,
       8.127e-13, 2.173e-13, 6.609e-14, 2.550e-14, 1.192e-14
