       5.000e-04, 4.873e-04, 4.709e-04, 4.519e-04, 4.298e-04,
       4.041e-04, 3.739e-04, 3.384e-04, 2.964e-04, 2.465e-04,
       1.871e-04, 1.158e-04, 8.364e-05, 6.692e-05, 5.354e-05,
       4.283e-05, 3.427e-05, 2.744e-05, 2.196e-05, 1.757e-05,
       1.407e-05, 1.127e-05, 9.032e-06, 7.250e-06, 5.826e-06,
       4.684e-06, 2.730e-06, 1.601e-06, 9.050e-07, 5.647e-07,
       3.557e-07, 2.108e-07, 1.316e-07, 8.312e-08, 5.327e-08,
       3.420e-08, 1.398e-08, 5.453e-09, 2.025e-09, 7.116e-10,
       2.360e-10, 7.296e-11, 2.163e-11, 6.151e-12, 1.752e-12,
       5.129e-13, 1.667e-13, 6.045e-14, 2.686e-14, 1.404e-14
 
