 79
       4.000e-04, 3.910e-04, 3.794e-04, 3.659e-04, 3.503e-04,
       3.320e-04, 3.106e-04, 2.854e-04, 2.556e-04, 2.203e-04,
       1.781e-04, 1.276e-04, 7.659e-05, 6.120e-05, 4.890e-05,
       3.907e-05, 3.122e-05, 2.496e-05, 1.995e-05, 1.594e-05,
       1.275e-05, 1.020e-05, 8.162e-06, 6.544e-06, 5.251e-06,
       4.217e-06, 2.450e-06, 1.432e-06, 8.069e-07, 5.020e-07,
       3.154e-07, 1.863e-07, 1.160e-07, 7.307e-08, 4.671e-08,
       2.991e-08, 1.216e-08, 4.717e-09, 1.741e-09, 6.081e-10,
       2.004e-10, 6.152e-11, 1.811e-11, 5.111e-12, 1.445e-12,
       4.200e-13, 1.356e-13, 4.888e-14, 2.161e-14, 1.126e-14
