% 81
    5.000e-06,  5.000e-06,  5.000e-06,  5.000e-06,  5.000e-06,
    5.000e-06,  5.000e-06,  5.000e-06,  5.000e-06,  5.000e-06,
    4.944e-06,  4.863e-06,  4.767e-06,  4.655e-06,  4.524e-06,
    4.371e-06,  4.191e-06,  3.982e-06,  3.736e-06,  3.650e-06,
    3.600e-06,  3.600e-06,  3.600e-06,  3.600e-06,  3.600e-06,
    3.600e-06,  3.600e-06,  3.566e-06,  3.533e-06,  3.500e-06,
    3.466e-06,  3.433e-06,  3.400e-06,  3.366e-06,  3.333e-06,
    3.300e-06,  3.300e-06,  3.300e-06,  3.300e-06,  3.300e-06,
    3.300e-06,  3.280e-06,  3.200e-06,  3.100e-06,  2.700e-06,
    1.950e-06,  1.100e-06,  6.000e-07,  4.000e-07,  3.500e-07
