$                                                                               
 HI=1 F4=1 CN=1 AE=0 EM=1 SC=3 FI=0 PL=0 TS=0 AM=1 MG=0 LA=0 OD=0 XS=1    0    0
   605.000   2405.00       0.0       0.0       0.0       0.0    0.0000     0.000    0            0.0
   245.386     -1.00       0.0       0.0     -1.00       0.0       0.0    s
    0    2  -98    1    0   22    1 0  0     0.000   120.000     0.000 0.0000000
 0.005     1013.0000 180.00000       0.0       0.0    0            0.0
1013.0000  986.0666  958.5911  931.5236  904.8659  878.6201  852.7880  827.3713 
 802.3714  777.7897  753.6275  729.8857  706.5654  683.6673  661.1920  639.1398 
 617.5112  596.3062  575.5248  555.1669  535.2322  515.7200  496.6298  477.9607 
 459.7118  441.8819  424.4698  407.4738  390.8926  374.7241  358.9665  343.6176 
 328.6753  314.1369  300.0000  286.2617  272.9191  259.9691  247.4085  235.2338 
 223.4415  212.0277  200.9887  190.3203  180.0183  170.0784  160.4959  151.2664 
 142.3848  133.8462  125.6456  117.7775  110.2366  103.0172   96.1138   89.5204 
  83.2310   77.2396   71.5398   66.1253   60.9895   56.1260   51.5278   47.1882 
  43.1001   39.2566   35.6505   32.2744   29.1210   26.1829   23.4526   20.9224 
  18.5847   16.4318   14.4559   12.6492   11.0038    9.5119    8.1655    6.9567 
   5.8776    4.9204    4.0770    3.3398    2.7009    2.1526    1.6872    1.2972 
   0.9753    0.7140    0.5064    0.3454    0.2244    0.1370    0.0769    0.0384 
   0.0161    0.0050 
   97    0   !! this is NUMBER OF LAYERS, and XSEC gases
%%                                 P(MB)      T(K)   IPATH         H2O           CO2            O3           N2O            CO           CH4            O2            OTHER
0  1  0.000 -1  0.192 -1    999.5833052   243.20    1    1.8938771E+20  2.1682874E+20  1.4246488E+16  1.8239896E+17  8.5258764E+16  1.0286188E+18  1.1920413E+23  5.4854345E+21
0  2  0.192 -1  0.393 -1    972.4730210   243.20    1    1.9329631E+20  2.2130366E+20  1.4540508E+16  1.8616332E+17  8.6342595E+16  1.0491846E+18  1.2166427E+23  5.5986446E+21
0  3  0.393 -1  0.597 -1    945.2678061   243.20    1    1.9072773E+20  2.1836292E+20  1.4347290E+16  1.8368954E+17  8.4512663E+16  1.0345683E+18  1.2004756E+23  5.5242497E+21
0  4  0.597 -1  0.804 -1    918.4033033   243.20    1    1.8848687E+20  2.1579737E+20  1.4178724E+16  1.8153137E+17  8.2839808E+16  1.0217363E+18  1.1863713E+23  5.4593467E+21
0  5  0.804 -1  1.016 -1    891.8379574   243.20    1    1.8647056E+20  2.1351826E+20  1.4030179E+16  1.7961415E+17  8.1285623E+16  1.0102648E+18  1.1738416E+23  5.4016620E+21
0  6  1.016 -1  1.228 -1    865.6452677   242.80    1    1.7669801E+20  2.0802173E+20  1.3908272E+16  1.7499040E+17  7.8521160E+16  9.8372184E+17  1.1436237E+23  5.2582252E+21
0  7  1.228 -1  1.442 -1    839.9772472   242.10    1    1.6547969E+20  2.0461414E+20  1.4104309E+16  1.7212390E+17  7.6569157E+16  9.6717737E+17  1.1248901E+23  5.1667711E+21
0  8  1.442 -1  1.659 -1    814.8012652   241.38    1    1.5492238E+20  2.0130418E+20  1.4310872E+16  1.6933952E+17  7.4674099E+16  9.5110406E+17  1.1066932E+23  5.0820453E+21
0  9  1.659 -1  1.879 -1    790.0734287   240.66    1    1.4533461E+20  1.9857740E+20  1.4565023E+16  1.6704572E+17  7.3012553E+16  9.3779374E+17  1.0917025E+23  5.0163024E+21
0 10  1.879 -1  2.101 -1    765.7250685   239.90    1    1.3553985E+20  1.9569509E+20  1.4866732E+16  1.6462108E+17  7.1312485E+16  9.2378633E+17  1.0758566E+23  4.9474809E+21
0 11  2.101 -1  2.325 -1    741.6216365   238.86    1    1.2140967E+20  1.9121942E+20  1.5429222E+16  1.6085610E+17  6.9080532E+16  9.0249047E+17  1.0512511E+23  4.8226232E+21
0 12  2.325 -1  2.551 -1    718.0648896   237.76    1    1.0848238E+20  1.8770095E+20  1.6171932E+16  1.5789631E+17  6.7225537E+16  8.8576198E+17  1.0319079E+23  4.7262975E+21
0 13  2.551 -1  2.779 -1    695.0308367   236.64    1    9.6999442E+19  1.8455040E+20  1.6989501E+16  1.5524604E+17  6.5522305E+16  8.7077289E+17  1.0145874E+23  4.6490535E+21
0 14  2.779 -1  3.012 -1    672.4165836   235.51    1    8.7174859E+19  1.8264355E+20  1.7983327E+16  1.5364197E+17  6.4273487E+16  8.6165364E+17  1.0041042E+23  4.6129022E+21
0 15  3.012 -1  3.244 -1    650.0602859   234.27    1    7.4412456E+19  1.7771099E+20  1.8923291E+16  1.4949264E+17  6.2119323E+16  8.3828867E+17  9.7698693E+22  4.4837210E+21
0 16  3.244 -1  3.479 -1    628.1281305   232.94    1    6.2081759E+19  1.7413050E+20  2.0231738E+16  1.4648069E+17  6.0571826E+16  8.2132631E+17  9.5730277E+22  4.3784920E+21
0 17  3.479 -1  3.715 -1    606.7577263   231.60    1    5.1742737E+19  1.7068663E+20  2.1654998E+16  1.4358366E+17  5.9082735E+16  8.0501066E+17  9.3836968E+22  4.2904411E+21
0 18  3.715 -1  3.956 -1    585.8664978   230.24    1    4.3314249E+19  1.6837430E+20  2.3350938E+16  1.4163850E+17  5.7993061E+16  7.9403326E+17  9.2565736E+22  4.2446881E+21
0 19  3.956 -1  4.198 -1    565.3000244   228.87    1    3.1503076E+19  1.6459175E+20  2.4874319E+16  1.3845658E+17  5.6460961E+16  7.7598480E+17  9.0486235E+22  4.1582509E+21
0 20  4.198 -1  4.441 -1    545.0031331   227.48    1    1.7115193E+19  1.6055919E+20  2.6248691E+16  1.3506434E+17  5.4959391E+16  7.5649868E+17  8.8269289E+22  4.0438724E+21
0 21  4.441 -1  4.687 -1    525.2948313   226.09    1    9.1981748E+18  1.5697078E+20  2.7769511E+16  1.3204572E+17  5.3617633E+16  7.3911801E+17  8.6296519E+22  3.9491534E+21
0 22  4.687 -1  4.935 -1    506.0986978   224.68    1    4.9370567E+18  1.5423288E+20  2.9551110E+16  1.2974257E+17  5.2570002E+16  7.2575646E+17  8.4791327E+22  3.8882526E+21
0 23  4.935 -1  5.187 -1    487.2618300   223.26    1    2.9482682E+18  1.5101296E+20  3.1765701E+16  1.2703394E+17  5.1291255E+16  7.0989279E+17  8.3021140E+22  3.8125112E+21
0 24  5.187 -1  5.439 -1    468.6685228   221.85    1    2.4605668E+18  1.4704724E+20  3.5055869E+16  1.2369792E+17  4.9594484E+16  6.8994228E+17  8.0840934E+22  3.6954671E+21
0 25  5.439 -1  5.694 -1    450.6436430   220.43    1    2.0928005E+18  1.4351436E+20  3.8867280E+16  1.2072602E+17  4.8053324E+16  6.7205365E+17  7.8898697E+22  3.6028790E+21
0 26  5.694 -1  5.953 -1    433.1152074   218.99    1    1.7875214E+18  1.4088135E+20  4.3408383E+16  1.1851110E+17  4.6827028E+16  6.5842289E+17  7.7451167E+22  3.5486720E+21
0 27  5.953 -1  6.214 -1    415.9408612   217.70    1    1.5452737E+18  1.3744721E+20  4.7688369E+16  1.1562165E+17  4.5258113E+16  6.4073720E+17  7.5563210E+22  3.4730964E+21
0 28  6.214 -1  6.478 -1    399.0501762   216.72    1    1.3844684E+18  1.3363444E+20  5.1117226E+16  1.1241257E+17  4.3418468E+16  6.2069127E+17  7.3467092E+22  3.3700081E+21
0 29  6.478 -1  6.744 -1    382.6856673   215.74    1    1.2422843E+18  1.3009083E+20  5.4883333E+16  1.0942995E+17  4.1696450E+16  6.0199077E+17  7.1518951E+22  3.2800439E+21
0 30  6.744 -1  7.015 -1    366.7988988   214.75    1    1.1177464E+18  1.2710248E+20  5.9212635E+16  1.0691445E+17  4.0181061E+16  5.8595182E+17  6.9876071E+22  3.2110158E+21
0 31  7.015 -1  7.289 -1    351.2586157   213.89    1    1.0491265E+18  1.2388905E+20  6.2989083E+16  1.0420167E+17  3.8377057E+16  5.6851753E+17  6.8109449E+22  3.1313230E+21
0 32  7.289 -1  7.566 -1    336.0943371   213.15    1    1.0208199E+18  1.2054639E+20  6.6270374E+16  1.0137415E+17  3.6387704E+16  5.5025166E+17  6.6271782E+22  3.0438731E+21
0 33  7.566 -1  7.848 -1    321.3814786   212.39    1    9.9459312E+17  1.1744932E+20  6.9893284E+16  9.8753808E+16  3.4534380E+16  5.3323775E+17  6.4569136E+22  2.9665965E+21
0 34  7.848 -1  8.135 -1    307.0862993   211.79    1    9.5584630E+17  1.1455193E+20  7.4155167E+16  9.6295823E+16  3.2792005E+16  5.1720552E+17  6.2976260E+22  2.8965129E+21
0 35  8.135 -1  8.427 -1    293.1752323   212.33    1    8.2301041E+17  1.1100478E+20  8.0213596E+16  9.3251706E+16  3.0896802E+16  4.9809193E+17  6.1026172E+22  2.8043057E+21
0 36  8.427 -1  8.726 -1    279.6294273   213.10    1    6.9438070E+17  1.0783661E+20  8.7571651E+16  9.0520956E+16  2.9162841E+16  4.8077344E+17  5.9284433E+22  2.7233886E+21
0 37  8.726 -1  9.030 -1    266.4537810   213.88    1    5.8137528E+17  1.0426155E+20  9.5378749E+16  8.7451065E+16  2.7378959E+16  4.6179271E+17  5.7319002E+22  2.6357701E+21
0 38  9.030 -1  9.341 -1    253.7115340   214.27    1    4.8552515E+17  1.0150407E+20  1.0520437E+17  8.4993697E+16  2.5801228E+16  4.4644052E+17  5.5803047E+22  2.5677980E+21
0 39  9.341 -1  9.659 -1    241.3664734   214.40    1    4.0102681E+17  9.8534470E+19  1.1627869E+17  8.2312011E+16  2.4183352E+16  4.3019541E+17  5.4170475E+22  2.4926250E+21
0 40  9.659 -1  9.985 -1    229.3649135   214.53    1    3.3062592E+17  9.5822672E+19  1.2912522E+17  7.9853131E+16  2.2689544E+16  4.1521335E+17  5.2679633E+22  2.4240528E+21
0 41  9.985 -1 10.315 -1    217.7414936   214.51    1    2.7364904E+17  9.2293124E+19  1.4108085E+17  7.6645896E+16  2.0960911E+16  3.9661560E+17  5.0739222E+22  2.3347023E+21
0 42 10.315 -1 10.651 -1    206.5247721   214.31    1    2.3189627E+17  8.9301138E+19  1.5351509E+17  7.3810447E+16  1.9315050E+16  3.8025091E+17  4.9094343E+22  2.2588953E+21
0 43 10.651 -1 10.996 -1    195.6658019   214.11    1    1.9656280E+17  8.6667112E+19  1.6796611E+17  7.1287200E+16  1.7833423E+16  3.6559054E+17  4.7646256E+22  2.1923443E+21
0 44 10.996 -1 11.346 -1    185.1681433   213.90    1    1.7589933E+17  8.3302869E+19  1.8109791E+17  6.8057338E+16  1.6116531E+16  3.4753182E+17  4.5796725E+22  2.1072299E+21
0 45 11.346 -1 11.702 -1    175.0485361   213.69    1    1.6973713E+17  8.0385317E+19  1.9494495E+17  6.5094390E+16  1.4435625E+16  3.3106959E+17  4.4192766E+22  2.0333241E+21
0 46 11.702 -1 12.066 -1    165.2890239   213.47    1    1.6390380E+17  7.7622726E+19  2.1041539E+17  6.2287180E+16  1.2916643E+16  3.1550947E+17  4.2673999E+22  1.9635297E+21
0 47 12.066 -1 12.437 -1    155.8620213   213.25    1    1.5756059E+17  7.4618666E+19  2.2434775E+17  5.9160622E+16  1.1404650E+16  2.9893585E+17  4.1022483E+22  1.8874759E+21
0 48 12.437 -1 12.815 -1    146.7984272   213.03    1    1.5124587E+17  7.1628093E+19  2.3809771E+17  5.6016799E+16  9.9999244E+15  2.8259331E+17  3.9378380E+22  1.8117785E+21
0 49 12.815 -1 13.200 -1    138.1042392   212.79    1    1.4539068E+17  6.8855152E+19  2.5308901E+17  5.3078139E+16  8.7625957E+15  2.6745441E+17  3.7853923E+22  1.7416846E+21
0 50 13.200 -1 13.595 -1    129.7598767   212.48    1    1.4022794E+17  6.6410143E+19  2.6785562E+17  5.0317467E+16  7.6736793E+15  2.5393352E+17  3.6509751E+22  1.6796485E+21
0 51 13.595 -1 14.001 -1    121.7220185   212.16    1    1.3539409E+17  6.4120894E+19  2.8404681E+17  4.7710674E+16  6.7082103E+15  2.4126382E+17  3.5251210E+22  1.6218228E+21
0 52 14.001 -1 14.413 -1    114.0014342   211.82    1    1.2886081E+17  6.1026816E+19  2.9531733E+17  4.4533465E+16  5.7689988E+15  2.2670126E+17  3.3550204E+22  1.5435063E+21
0 53 14.413 -1 14.834 -1    106.6201013   211.44    1    1.2332801E+17  5.8406557E+19  3.0700704E+17  4.1744747E+16  4.9805785E+15  2.1495363E+17  3.2109687E+22  1.4771149E+21
0 54 14.834 -1 15.264 -1     99.5611015   211.03    1    1.1803587E+17  5.5900266E+19  3.2029404E+17  3.9105681E+16  4.2988551E+15  2.0402441E+17  3.0731824E+22  1.4137605E+21
0 55 15.264 -1 15.704 -1     92.8026879   210.47    1    1.1259221E+17  5.3322219E+19  3.3586433E+17  3.6463638E+16  3.7208953E+15  1.9391164E+17  2.9314512E+22  1.3481836E+21
0 56 15.704 -1 16.153 -1     86.3691566   209.89    1    1.0740572E+17  5.0865963E+19  3.5285684E+17  3.3981708E+16  3.2153676E+15  1.8447497E+17  2.7964157E+22  1.2863203E+21
0 57 16.153 -1 16.613 -1     80.2347349   209.27    1    1.0248664E+17  4.8536349E+19  3.6762027E+17  3.1650216E+16  2.7534218E+15  1.7658159E+17  2.6683424E+22  1.2270869E+21
0 58 16.613 -1 17.085 -1     74.3920680   208.61    1    9.7870322E+16  4.6350122E+19  3.8288641E+17  2.9480341E+16  2.3482121E+15  1.6947849E+17  2.5481521E+22  1.1719813E+21
0 59 17.085 -1 17.566 -1     68.8296395   207.82    1    9.2628150E+16  4.3867497E+19  3.9524570E+17  2.7175777E+16  1.9911684E+15  1.6094371E+17  2.4116669E+22  1.1087625E+21
0 60 17.566 -1 18.061 -1     63.5570684   206.94    1    8.8201970E+16  4.1771316E+19  4.1086421E+17  2.5177785E+16  1.7004807E+15  1.5363581E+17  2.2964268E+22  1.0559442E+21
0 61 18.061 -1 18.564 -1     58.5501188   206.04    1    8.3187145E+16  3.9396359E+19  4.2120952E+17  2.3098878E+16  1.4731022E+15  1.4509015E+17  2.1658608E+22  9.9571881E+20
0 62 18.564 -1 19.080 -1     53.8218690   205.14    1    7.8690917E+16  3.7267004E+19  4.3192760E+17  2.1247063E+16  1.3010879E+15  1.3731767E+17  2.0487970E+22  9.4203047E+20
0 63 19.080 -1 19.612 -1     49.3564641   205.07    1    7.4264784E+16  3.5170844E+19  4.3090863E+17  1.9472092E+16  1.1769185E+15  1.2955838E+17  1.9335582E+22  8.8929082E+20
0 64 19.612 -1 20.158 -1     45.1410315   205.53    1    6.9757692E+16  3.3036343E+19  4.2167699E+17  1.7739076E+16  1.0779185E+15  1.2159443E+17  1.8162115E+22  8.3528058E+20
0 65 20.158 -1 20.726 -1     41.1793794   206.43    1    6.5787955E+16  3.1156327E+19  4.1053196E+17  1.6200723E+16  1.0229136E+15  1.1440404E+17  1.7128554E+22  7.8727903E+20
0 66 20.726 -1 21.313 -1     37.4542292   207.53    1    6.1565528E+16  2.9156640E+19  3.9538577E+17  1.4657686E+16  9.7804905E+14  1.0670592E+17  1.6029203E+22  7.3694366E+20
0 67 21.313 -1 21.930 -1     33.9766871   208.67    1    5.8389580E+16  2.7652552E+19  3.8567005E+17  1.3400312E+16  9.6436152E+14  1.0067502E+17  1.5202313E+22  6.9880631E+20
0 68 21.930 -1 22.567 -1     30.6999803   209.59    1    5.4151479E+16  2.5645442E+19  3.6573534E+17  1.1894895E+16  9.3513614E+14  9.2354950E+16  1.4098881E+22  6.4841122E+20
0 69 22.567 -1 23.223 -1     27.6487479   210.08    1    5.0131463E+16  2.3740319E+19  3.4262194E+17  1.0432085E+16  9.0812115E+14  8.3831959E+16  1.3051518E+22  6.0026111E+20
0 70 23.223 -1 23.908 -1     24.8211805   210.20    1    4.7026527E+16  2.2252411E+19  3.2231428E+17  9.1960902E+15  8.8808846E+14  7.6785954E+16  1.2233523E+22  5.6267691E+20
0 71 23.908 -1 24.616 -1     22.1860372   210.25    1    4.3898408E+16  2.0556427E+19  2.9727612E+17  7.9088545E+15  8.5158337E+14  6.9145997E+16  1.1301136E+22  5.1979244E+20
0 72 24.616 -1 25.347 -1     19.7495256   210.51    1    4.1344992E+16  1.8855677E+19  2.7045090E+17  6.6573475E+15  8.0578916E+14  6.1694787E+16  1.0366129E+22  4.7670962E+20
0 73 25.347 -1 26.124 -1     17.5155725   211.64    1    3.9815111E+16  1.7688367E+19  2.4773136E+17  5.6428594E+15  7.8140378E+14  5.6198933E+16  9.7243860E+21  4.4712517E+20
0 74 26.124 -1 26.931 -1     15.4464324   212.98    1    3.6761686E+16  1.6099703E+19  2.1846478E+17  4.5829840E+15  7.3965482E+14  4.9586320E+16  8.8509999E+21  4.0700441E+20
0 75 26.931 -1 27.776 -1     13.5536764   214.35    1    3.3771649E+16  1.4692734E+19  1.9238895E+17  3.7204918E+15  7.0344257E+14  4.3828918E+16  8.0775019E+21  3.7146502E+20
0 76 27.776 -1 28.664 -1     11.8264911   215.73    1    3.0975149E+16  1.3368099E+19  1.6820800E+17  3.0088043E+15  6.6687937E+14  3.8600981E+16  7.3492684E+21  3.3796252E+20
0 77 28.664 -1 29.597 -1     10.2575338   217.06    1    2.8476993E+16  1.2125595E+19  1.4502841E+17  2.3987662E+15  6.3237234E+14  3.3901737E+16  6.6661876E+21  3.0659294E+20
0 78 29.597 -1 30.576 -1      8.8369633   217.89    1    2.5967773E+16  1.0911794E+19  1.2163658E+17  1.8932900E+15  5.9479806E+14  2.9648623E+16  5.9988863E+21  2.7594761E+20
0 79 30.576 -1 31.614 -1      7.5629017   218.61    1    2.3967665E+16  9.8657389E+18  1.0264886E+17  1.4899785E+15  5.6537328E+14  2.6078363E+16  5.4238051E+21  2.4944275E+20
0 80 31.614 -1 32.723 -1      6.4205277   220.91    1    2.2213319E+16  8.8521391E+18  8.7212746E+16  1.1447121E+15  5.3832748E+14  2.2576853E+16  4.8665668E+21  2.2367608E+20
0 81 32.723 -1 33.918 -1      5.4022331   224.45    1    2.0844524E+16  7.8945764E+18  7.2030315E+16  8.5291336E+14  5.1470344E+14  1.9164519E+16  4.3401355E+21  1.9957644E+20
0 82 33.918 -1 35.186 -1      4.4999058   227.25    1    1.8523837E+16  6.8955895E+18  5.8021952E+16  6.0530108E+14  4.8818752E+14  1.5691011E+16  3.7909308E+21  1.7440800E+20
0 83 35.186 -1 36.528 -1      3.7070512   229.26    1    1.5394757E+16  5.9536780E+18  4.7002127E+16  4.1471025E+14  4.6303013E+14  1.2410925E+16  3.2731040E+21  1.5056895E+20
0 84 36.528 -1 38.008 -1      3.0198608   230.89    1    1.3672680E+16  5.3090671E+18  3.9479832E+16  2.8785877E+14  4.6067692E+14  9.9576936E+15  2.9187216E+21  1.3428353E+20
0 85 38.008 -1 39.552 -1      2.4259563   231.82    1    1.1600514E+16  4.4297720E+18  3.1092828E+16  1.8742782E+14  4.4096972E+14  7.3370507E+15  2.4353188E+21  1.1204973E+20
0 86 39.552 -1 41.271 -1      1.9208173   233.90    1    9.9841650E+15  3.8673212E+18  2.5018494E+16  1.2566460E+14  4.5505456E+14  5.5854938E+15  2.1261050E+21  9.7814821E+19
0 87 41.271 -1 43.157 -1      1.4872115   238.84    1    8.2263064E+15  3.2142568E+18  1.9016300E+16  7.6078248E+13  4.5737273E+14  3.9906338E+15  1.7670752E+21  8.1279306E+19
0 88 43.157 -1 45.242 -1      1.1314482   244.76    1    6.9839408E+15  2.6343776E+18  1.4388016E+16  4.2726575E+13  4.6902675E+14  2.7796005E+15  1.4482798E+21  6.6623170E+19
0 89 45.242 -1 47.564 -1      0.8426900   249.73    1    5.9794886E+15  2.1393336E+18  1.0242743E+16  2.1965617E+13  4.9651225E+14  1.9108665E+15  1.1761236E+21  5.4110573E+19
0 90 47.564 -1 50.205 -1      0.6085323   253.69    1    4.7726786E+15  1.7268775E+18  6.5908980E+15  1.0149418E+13  5.1901377E+14  1.3293465E+15  9.4937104E+20  4.3686763E+19
0 91 50.205 -1 53.157 -1      0.4237441   255.89    1    3.5830995E+15  1.3297298E+18  3.9864063E+15  5.5731529E+12  5.1528497E+14  9.1875208E+14  7.3103448E+20  3.3642297E+19
0 92 53.157 -1 56.486 -1      0.2831529   255.84    1    2.6645571E+15  9.9930397E+17  2.3510394E+15  4.9181221E+12  4.9572444E+14  6.2886952E+14  5.4937902E+20  2.5283388E+19
0 93 56.486 -1 60.324 -1      0.1791120   254.73    1    1.7094405E+15  7.2852643E+17  1.2398901E+15  4.9259085E+12  4.9264674E+14  4.0310314E+14  4.0051591E+20  1.8432784E+19
0 94 60.324 -1 64.735 -1      0.1056926   250.84    1    1.0546575E+15  4.9886349E+17  5.5557557E+14  4.2646704E+12  4.9887081E+14  2.3884749E+14  2.7425602E+20  1.2621363E+19
0 95 64.735 -1 69.943 -1      0.0567337   240.90    1    6.8741242E+14  3.2554910E+17  2.1047735E+14  3.3110881E+12  5.1511514E+14  1.3951259E+14  1.7897473E+20  8.2366424E+18
0 96 69.943 -1 75.571 -1      0.0270921   222.40    1    3.7856377E+14  1.7899847E+17  8.1884743E+13  2.2744128E+12  4.9538169E+14  7.0631606E+13  9.8555069E+19  4.5436186E+18
0 97 75.571 -1 82.724 -1      0.0105426   204.09    1    1.9417242E+14  9.0692297E+16  5.1803568E+13  1.5158707E+12  5.1053064E+14  3.5117000E+13  4.9766500E+19  3.1143778E+18
