$                                                                               
 HI=4 F4=1 CN=1 AE=0 EM=1 SC=3 FI=0 PL=0 TS=0 AM=1 MG=0 LA=0 OD=0 XS=1    0    0
   767.000   2600.00       0.0       0.0       0.0       0.0    0.0000     0.000    0            0.0
   245.386     -1.00       0.0       0.0     -1.00       0.0       0.0    s
    0    2  -82    1    0   22    1 0  0     0.000   120.000     0.000 0.0000000
 0.0003855 1013.0000 180.00000       0.0       0.0    0            0.0
 1013.0000 880.59997 764.59997 662.29998 571.79998 491.79998 421.39999 359.79998
 306.60000 261.20001 222.89999 190.19999 162.19999 138.19999 117.80000 100.30000
 85.319999 72.540000 61.599998 52.220001 44.240001 37.520000 31.920000 27.139999
 23.110000 19.649999 16.760000 14.300000 12.210000 10.439999 8.9289999 7.6479997
 6.5599999 5.6420002 4.8619999 4.1909999 3.6089999 3.1189999 2.7040000 2.3320000
 2.0199999 1.7539999 1.5130000 1.3259999 1.1449999 1.0080000 0.8757000 0.7698000
 0.6746000 0.5869000 0.5202999 0.4537000 0.3978999 0.3526000 0.3073999 0.2685999
 0.2392000 0.2098000 0.1804000 0.1611000 0.1430000 0.1249000 0.1069000 0.0952600
 0.0848400 0.0744100 0.0639800 0.0544600 0.0490200 0.0435900 0.0381500 0.0259600
 0.0176400 0.0118100 0.0078550 0.0051910 0.0034090 0.0022260 0.0014440 0.0009320
 0.0005991 0.0003855
   91    User defined Profile
     0.000 1013.0000   243.200     AA L AAAAAAAAAAAAAAAAAAAAAA                
 3.32052521e+02 3.80164734e+02 2.49782968e-02 3.19799185e-01 1.50050789e-01 1.80402577e+00 2.09000000e+05 0.00000000e+00
 0.00000000e+00 0.00000000e+00 0.00000000e+00 5.00000024e-05 0.00000000e+00 0.00000000e+00 0.00000000e+00 0.00000000e+00
 0.00000000e+00 0.00000000e+00 6.00000028e-04 0.00000000e+00 0.00000000e+00 7.81000000e+05
     1.000 880.59997   243.200     AA L AAAAAAAAAAAAAAAAAAAAAA                
 3.32052521e+02 3.80164734e+02 2.49782968e-02 3.19799185e-01 1.44209072e-01 1.79823136e+00 2.09000000e+05 0.00000000e+00
 0.00000000e+00 0.00000000e+00 0.00000000e+00 6.12163567e-05 0.00000000e+00 0.00000000e+00 0.00000000e+00 0.00000000e+00
 0.00000000e+00 0.00000000e+00 5.88334107e-04 0.00000000e+00 0.00000000e+00 7.81000000e+05
     2.000 764.59997   239.900     AA L AAAAAAAAAAAAAAAAAAAAAA                
 2.63746246e+02 3.80164734e+02 2.88233999e-02 3.19799185e-01 1.38468042e-01 1.79448283e+00 2.09000000e+05 0.00000000e+00
 0.00000000e+00 0.00000000e+00 0.00000000e+00 7.23433914e-05 0.00000000e+00 0.00000000e+00 0.00000000e+00 0.00000000e+00
 0.00000000e+00 0.00000000e+00 5.76894497e-04 0.00000000e+00 0.00000000e+00 7.81000000e+05
     3.000 662.29998   235.000     AA L AAAAAAAAAAAAAAAAAAAAAA                
 1.73580643e+02 3.80164734e+02 3.85904424e-02 3.19799185e-01 1.33240789e-01 1.79337895e+00 2.09000000e+05 0.00000000e+00
 0.00000000e+00 0.00000000e+00 0.00000000e+00 8.33615341e-05 0.00000000e+00 0.00000000e+00 0.00000000e+00 0.00000000e+00
 0.00000000e+00 0.00000000e+00 5.66448725e-04 0.00000000e+00 0.00000000e+00 7.81000000e+05
     4.000 571.79998   229.300     AA L AAAAAAAAAAAAAAAAAAAAAA                
 8.71921310e+01 3.80164734e+02 5.60551211e-02 3.19799185e-01 1.30489647e-01 1.79269981e+00 2.09000000e+05 0.00000000e+00
 0.00000000e+00 0.00000000e+00 0.00000000e+00 9.37392178e-05 0.00000000e+00 0.00000000e+00 0.00000000e+00 0.00000000e+00
 0.00000000e+00 0.00000000e+00 5.57991560e-04 0.00000000e+00 0.00000000e+00 7.81000000e+05
     5.000 491.79998   223.600     AA L AAAAAAAAAAAAAAAAAAAAAA                
 7.52843189e+00 3.80164734e+02 7.74224922e-02 3.19799185e-01 1.29365951e-01 1.78800964e+00 2.09000000e+05 0.00000000e+00
 0.00000000e+00 0.00000000e+00 0.00000000e+00 1.06935840e-04 0.00000000e+00 0.00000000e+00 0.00000000e+00 0.00000000e+00
 0.00000000e+00 0.00000000e+00 5.50107390e-04 0.00000000e+00 0.00000000e+00 7.81000000e+05
     6.000 421.39999   218.000     AA L AAAAAAAAAAAAAAAAAAAAAA                
 4.37863350e+00 3.80164734e+02 1.27941832e-01 3.19799185e-01 1.25723928e-01 1.77432096e+00 2.09000000e+05 0.00000000e+00
 0.00000000e+00 0.00000000e+00 0.00000000e+00 1.23294420e-04 0.00000000e+00 0.00000000e+00 0.00000000e+00 0.00000000e+00
 0.00000000e+00 0.00000000e+00 5.41431189e-04 0.00000000e+00 0.00000000e+00 7.81000000e+05
     7.000 359.79998   214.300     AA L AAAAAAAAAAAAAAAAAAAAAA                
 3.21933937e+00 3.80164734e+02 1.85166538e-01 3.19779873e-01 1.19436540e-01 1.74960744e+00 2.09000000e+05 0.00000000e+00
 0.00000000e+00 0.00000000e+00 0.00000000e+00 1.38159448e-04 0.00000000e+00 0.00000000e+00 0.00000000e+00 0.00000000e+00
 0.00000000e+00 0.00000000e+00 5.32517268e-04 0.00000000e+00 0.00000000e+00 7.81000000e+05
     8.000 306.60000   211.600     AA L AAAAAAAAAAAAAAAAAAAAAA                
 3.21933937e+00 3.80164734e+02 2.45796427e-01 3.19596469e-01 1.08740561e-01 1.71628022e+00 2.09000000e+05 0.00000000e+00
 0.00000000e+00 0.00000000e+00 0.00000000e+00 1.54045745e-04 0.00000000e+00 0.00000000e+00 0.00000000e+00 0.00000000e+00
 0.00000000e+00 0.00000000e+00 5.24800213e-04 0.00000000e+00 0.00000000e+00 7.81000000e+05
     9.000 261.20001   214.200     AA L AAAAAAAAAAAAAAAAAAAAAA                
 1.99660659e+00 3.80164734e+02 3.64965498e-01 3.18769425e-01 9.86321121e-02 1.67928720e+00 2.09000000e+05 0.00000000e+00
 0.00000000e+00 0.00000000e+00 0.00000000e+00 1.76730842e-04 0.00000000e+00 0.00000000e+00 0.00000000e+00 0.00000000e+00
 0.00000000e+00 0.00000000e+00 5.17126988e-04 0.00000000e+00 0.00000000e+00 7.81000000e+05
    10.000 222.89999   214.600     AA L AAAAAAAAAAAAAAAAAAAAAA                
 1.19475496e+00 3.80164734e+02 5.51262319e-01 3.16379517e-01 8.82289037e-02 1.64038360e+00 2.09000000e+05 0.00000000e+00
 0.00000000e+00 0.00000000e+00 0.00000000e+00 2.06525074e-04 0.00000000e+00 0.00000000e+00 0.00000000e+00 0.00000000e+00
 0.00000000e+00 0.00000000e+00 5.07723715e-04 0.00000000e+00 0.00000000e+00 7.81000000e+05
    11.000 190.19999   214.000     AA L AAAAAAAAAAAAAAAAAAAAAA                
 8.02734554e-01 3.80164734e+02 7.83896685e-01 3.11910599e-01 7.62070641e-02 1.59582067e+00 2.09000000e+05 0.00000000e+00
 0.00000000e+00 0.00000000e+00 0.00000000e+00 2.45407893e-04 0.00000000e+00 0.00000000e+00 0.00000000e+00 0.00000000e+00
 0.00000000e+00 0.00000000e+00 4.95984918e-04 0.00000000e+00 0.00000000e+00 7.81000000e+05
    12.000 162.19999   213.400     AA L AAAAAAAAAAAAAAAAAAAAAA                
 8.02734554e-01 3.80164734e+02 1.06846750e+00 3.04177344e-01 6.17047772e-02 1.53864992e+00 2.09000000e+05 0.00000000e+00
 0.00000000e+00 0.00000000e+00 0.00000000e+00 2.84616253e-04 0.00000000e+00 0.00000000e+00 0.00000000e+00 0.00000000e+00
 0.00000000e+00 0.00000000e+00 4.78748028e-04 0.00000000e+00 0.00000000e+00 7.81000000e+05
    13.000 138.19999   212.800     AA L AAAAAAAAAAAAAAAAAAAAAA                
 8.02734554e-01 3.80164734e+02 1.39720511e+00 2.93240517e-01 4.84414548e-02 1.47693574e+00 2.09000000e+05 0.00000000e+00
 0.00000000e+00 0.00000000e+00 0.00000000e+00 3.52930336e-04 0.00000000e+00 0.00000000e+00 0.00000000e+00 0.00000000e+00
 0.00000000e+00 0.00000000e+00 4.54396446e-04 0.00000000e+00 0.00000000e+00 7.81000000e+05
    14.000 117.80000   212.000     AA L AAAAAAAAAAAAAAAAAAAAAA                
 8.02734554e-01 3.80164734e+02 1.76578438e+00 2.80268103e-01 3.77924368e-02 1.41872263e+00 2.09000000e+05 0.00000000e+00
 0.00000000e+00 0.00000000e+00 0.00000000e+00 5.02256793e-04 0.00000000e+00 0.00000000e+00 0.00000000e+00 0.00000000e+00
 0.00000000e+00 0.00000000e+00 4.19311924e-04 0.00000000e+00 0.00000000e+00 7.81000000e+05
    15.000 100.30000   211.100     AA L AAAAAAAAAAAAAAAAAAAAAA                
 8.02734554e-01 3.80164734e+02 2.15382242e+00 2.66619146e-01 2.95023900e-02 1.38729286e+00 2.09000000e+05 0.00000000e+00
 0.00000000e+00 0.00000000e+00 0.00000000e+00 8.51936871e-04 0.00000000e+00 0.00000000e+00 0.00000000e+00 0.00000000e+00
 0.00000000e+00 0.00000000e+00 3.79976496e-04 0.00000000e+00 0.00000000e+00 7.81000000e+05
    16.000 85.319999   209.800     AA L AAAAAAAAAAAAAAAAAAAAAA                
 8.02734554e-01 3.80164734e+02 2.68172860e+00 2.52986521e-01 2.36418396e-02 1.37737346e+00 2.09000000e+05 0.00000000e+00
 0.00000000e+00 0.00000000e+00 0.00000000e+00 1.50221714e-03 0.00000000e+00 0.00000000e+00 0.00000000e+00 0.00000000e+00
 0.00000000e+00 0.00000000e+00 3.38930055e-04 0.00000000e+00 0.00000000e+00 7.81000000e+05
    17.000 72.540000   208.400     AA L AAAAAAAAAAAAAAAAAAAAAA                
 8.02734554e-01 3.80164734e+02 3.23090935e+00 2.39815220e-01 1.85401458e-02 1.39245641e+00 2.09000000e+05 0.00000000e+00
 0.00000000e+00 0.00000000e+00 0.00000000e+00 2.40000384e-03 0.00000000e+00 0.00000000e+00 0.00000000e+00 0.00000000e+00
 0.00000000e+00 0.00000000e+00 2.99726526e-04 0.00000000e+00 0.00000000e+00 7.81000000e+05
    18.000 61.599998   206.600     AA L AAAAAAAAAAAAAAAAAAAAAA                
 8.02734554e-01 3.80164734e+02 3.86825037e+00 2.26706684e-01 1.48206102e-02 1.39963996e+00 2.09000000e+05 0.00000000e+00
 0.00000000e+00 0.00000000e+00 0.00000000e+00 3.48916370e-03 0.00000000e+00 0.00000000e+00 0.00000000e+00 0.00000000e+00
 0.00000000e+00 0.00000000e+00 2.63792550e-04 0.00000000e+00 0.00000000e+00 7.81000000e+05
    19.000 52.220001   204.800     AA L AAAAAAAAAAAAAAAAAAAAAA                
 8.02734554e-01 3.80164734e+02 4.53613091e+00 2.14594349e-01 1.29415197e-02 1.40107226e+00 2.09000000e+05 0.00000000e+00
 0.00000000e+00 0.00000000e+00 0.00000000e+00 4.46616998e-03 0.00000000e+00 0.00000000e+00 0.00000000e+00 0.00000000e+00
 0.00000000e+00 0.00000000e+00 2.31219907e-04 0.00000000e+00 0.00000000e+00 7.81000000e+05
    20.000 44.240001   205.600     AA L AAAAAAAAAAAAAAAAAAAAAA                
 8.02734554e-01 3.80164734e+02 4.89989853e+00 2.02750459e-01 1.23073868e-02 1.39913070e+00 2.09000000e+05 0.00000000e+00
 0.00000000e+00 0.00000000e+00 0.00000000e+00 5.16260555e-03 0.00000000e+00 0.00000000e+00 0.00000000e+00 0.00000000e+00
 0.00000000e+00 0.00000000e+00 2.02869734e-04 0.00000000e+00 0.00000000e+00 7.81000000e+05
    21.000 37.520000   207.500     AA L AAAAAAAAAAAAAAAAAAAAAA                
 8.02734554e-01 3.80164734e+02 5.15312099e+00 1.91320390e-01 1.27085717e-02 1.39184594e+00 2.09000000e+05 0.00000000e+00
 0.00000000e+00 0.00000000e+00 0.00000000e+00 5.59700234e-03 0.00000000e+00 0.00000000e+00 0.00000000e+00 0.00000000e+00
 0.00000000e+00 0.00000000e+00 1.76256974e-04 0.00000000e+00 0.00000000e+00 7.81000000e+05
    22.000 31.920000   209.400     AA L AAAAAAAAAAAAAAAAAAAAAA                
 8.02734554e-01 3.80164734e+02 5.39683008e+00 1.79924935e-01 1.36103276e-02 1.37924850e+00 2.09000000e+05 0.00000000e+00
 0.00000000e+00 0.00000000e+00 0.00000000e+00 5.78894932e-03 0.00000000e+00 0.00000000e+00 0.00000000e+00 0.00000000e+00
 0.00000000e+00 0.00000000e+00 1.49486150e-04 0.00000000e+00 0.00000000e+00 7.81000000e+05
    23.000 27.139999   210.200     AA L AAAAAAAAAAAAAAAAAAAAAA                
 8.02734554e-01 3.80164734e+02 5.50185776e+00 1.65557057e-01 1.46706812e-02 1.33816826e+00 2.09000000e+05 0.00000000e+00
 0.00000000e+00 0.00000000e+00 0.00000000e+00 5.70396055e-03 0.00000000e+00 0.00000000e+00 0.00000000e+00 0.00000000e+00
 0.00000000e+00 0.00000000e+00 1.19847231e-04 0.00000000e+00 0.00000000e+00 7.81000000e+05
    24.000 23.110000   210.200     AA L AAAAAAAAAAAAAAAAAAAAAA                
 8.03945124e-01 3.80164734e+02 5.51013756e+00 1.50694802e-01 1.55785233e-02 1.29133487e+00 2.09000000e+05 0.00000000e+00
 0.00000000e+00 0.00000000e+00 0.00000000e+00 5.40627027e-03 0.00000000e+00 0.00000000e+00 0.00000000e+00 0.00000000e+00
 0.00000000e+00 0.00000000e+00 9.74266732e-05 0.00000000e+00 0.00000000e+00 7.81000000e+05
    25.000 19.649999   210.400     AA L AAAAAAAAAAAAAAAAAAAAAA                
 8.34550381e-01 3.80164734e+02 5.46300554e+00 1.33975416e-01 1.62622258e-02 1.24266207e+00 2.09000000e+05 0.00000000e+00
 0.00000000e+00 0.00000000e+00 0.00000000e+00 5.06917248e-03 0.00000000e+00 0.00000000e+00 0.00000000e+00 0.00000000e+00
 0.00000000e+00 0.00000000e+00 7.99317277e-05 0.00000000e+00 0.00000000e+00 7.81000000e+05
    26.000 16.760000   212.100     AA L AAAAAAAAAAAAAAAAAAAAAA                
 8.64068687e-01 3.80164734e+02 5.27337980e+00 1.16761953e-01 1.69956274e-02 1.19495618e+00 2.09000000e+05 0.00000000e+00
 0.00000000e+00 0.00000000e+00 0.00000000e+00 4.69915057e-03 0.00000000e+00 0.00000000e+00 0.00000000e+00 0.00000000e+00
 0.00000000e+00 0.00000000e+00 6.31848598e-05 0.00000000e+00 0.00000000e+00 7.81000000e+05
    27.000 14.300000   213.800     AA L AAAAAAAAAAAAAAAAAAAAAA                
 8.71778369e-01 3.80164734e+02 5.05383921e+00 1.00730121e-01 1.79110952e-02 1.14887881e+00 2.09000000e+05 0.00000000e+00
 0.00000000e+00 0.00000000e+00 0.00000000e+00 4.25114948e-03 0.00000000e+00 0.00000000e+00 0.00000000e+00 0.00000000e+00
 0.00000000e+00 0.00000000e+00 4.73009131e-05 0.00000000e+00 0.00000000e+00 7.81000000e+05
    28.000 12.210000   215.400     AA L AAAAAAAAAAAAAAAAAAAAAA                
 8.77736807e-01 3.80164734e+02 4.83556175e+00 8.81431475e-02 1.87647901e-02 1.10612667e+00 2.09000000e+05 0.00000000e+00
 0.00000000e+00 0.00000000e+00 0.00000000e+00 3.79729178e-03 0.00000000e+00 0.00000000e+00 0.00000000e+00 0.00000000e+00
 0.00000000e+00 0.00000000e+00 3.27700764e-05 0.00000000e+00 0.00000000e+00 7.81000000e+05
    29.000 10.439999   217.000     AA L AAAAAAAAAAAAAAAAAAAAAA                
 8.91682267e-01 3.80164734e+02 4.59462404e+00 7.63512626e-02 1.97238699e-02 1.06621051e+00 2.09000000e+05 0.00000000e+00
 0.00000000e+00 0.00000000e+00 0.00000000e+00 3.34849418e-03 0.00000000e+00 0.00000000e+00 0.00000000e+00 0.00000000e+00
 0.00000000e+00 0.00000000e+00 2.36423002e-05 0.00000000e+00 0.00000000e+00 7.81000000e+05
    30.000 8.9289999   217.900     AA L AAAAAAAAAAAAAAAAAAAAAA                
 9.02866304e-01 3.80164734e+02 4.25863409e+00 6.65812567e-02 2.06402969e-02 1.03454185e+00 2.09000000e+05 0.00000000e+00
 0.00000000e+00 0.00000000e+00 0.00000000e+00 2.90093268e-03 0.00000000e+00 0.00000000e+00 0.00000000e+00 0.00000000e+00
 0.00000000e+00 0.00000000e+00 1.68315837e-05 0.00000000e+00 0.00000000e+00 7.81000000e+05
    31.000 7.6479997   218.300     AA L AAAAAAAAAAAAAAAAAAAAAA                
 9.20485973e-01 3.80164734e+02 3.95925403e+00 5.80737740e-02 2.16706358e-02 1.00793302e+00 2.09000000e+05 0.00000000e+00
 0.00000000e+00 0.00000000e+00 0.00000000e+00 2.45777518e-03 0.00000000e+00 0.00000000e+00 0.00000000e+00 0.00000000e+00
 0.00000000e+00 0.00000000e+00 1.12441594e-05 0.00000000e+00 0.00000000e+00 7.81000000e+05
    32.000 6.5599999   220.300     AA L AAAAAAAAAAAAAAAAAAAAAA                
 9.48025107e-01 3.80164734e+02 3.78433323e+00 5.02786040e-02 2.29181424e-02 9.76608336e-01 2.09000000e+05 0.00000000e+00
 0.00000000e+00 0.00000000e+00 0.00000000e+00 2.01889034e-03 0.00000000e+00 0.00000000e+00 0.00000000e+00 0.00000000e+00
 0.00000000e+00 0.00000000e+00 7.41689928e-06 0.00000000e+00 0.00000000e+00 7.81000000e+05
    33.000 5.6420002   223.700     AA L AAAAAAAAAAAAAAAAAAAAAA                
 9.83946741e-01 3.80164734e+02 3.55867934e+00 4.31861617e-02 2.42461469e-02 9.35700655e-01 2.09000000e+05 0.00000000e+00
 0.00000000e+00 0.00000000e+00 0.00000000e+00 1.61613233e-03 0.00000000e+00 0.00000000e+00 0.00000000e+00 0.00000000e+00
 0.00000000e+00 0.00000000e+00 4.42151031e-06 0.00000000e+00 0.00000000e+00 7.81000000e+05
    34.000 4.8619999   226.300     AA L AAAAAAAAAAAAAAAAAAAAAA                
 1.04751861e+00 3.80164734e+02 3.27261901e+00 3.64317521e-02 2.60173082e-02 8.93731713e-01 2.09000000e+05 0.00000000e+00
 0.00000000e+00 0.00000000e+00 0.00000000e+00 1.29600032e-03 0.00000000e+00 0.00000000e+00 0.00000000e+00 0.00000000e+00
 0.00000000e+00 0.00000000e+00 2.92526374e-06 0.00000000e+00 0.00000000e+00 7.81000000e+05
    35.000 4.1909999   228.100     AA L AAAAAAAAAAAAAAAAAAAAAA                
 9.98299539e-01 3.80164734e+02 3.13432980e+00 3.07820365e-02 2.77105309e-02 8.40358138e-01 2.09000000e+05 0.00000000e+00
 0.00000000e+00 0.00000000e+00 0.00000000e+00 1.00169855e-03 0.00000000e+00 0.00000000e+00 0.00000000e+00 0.00000000e+00
 0.00000000e+00 0.00000000e+00 1.76981655e-06 0.00000000e+00 0.00000000e+00 7.81000000e+05
    36.000 3.6089999   229.500     AA L AAAAAAAAAAAAAAAAAAAAAA                
 9.77917552e-01 3.80164734e+02 2.97153521e+00 2.56107394e-02 2.99288779e-02 7.83354998e-01 2.09000000e+05 0.00000000e+00
 0.00000000e+00 0.00000000e+00 0.00000000e+00 8.03092611e-04 0.00000000e+00 0.00000000e+00 0.00000000e+00 0.00000000e+00
 0.00000000e+00 0.00000000e+00 1.24781855e-06 0.00000000e+00 0.00000000e+00 7.81000000e+05
    37.000 3.1189999   230.800     AA L AAAAAAAAAAAAAAAAAAAAAA                
 9.75609004e-01 3.80164734e+02 2.84405565e+00 2.13947129e-02 3.23722735e-02 7.26745903e-01 2.09000000e+05 0.00000000e+00
 0.00000000e+00 0.00000000e+00 0.00000000e+00 6.37391291e-04 0.00000000e+00 0.00000000e+00 0.00000000e+00 0.00000000e+00
 0.00000000e+00 0.00000000e+00 9.15522264e-07 0.00000000e+00 0.00000000e+00 7.81000000e+05
    38.000 2.7040000   231.400     AA L AAAAAAAAAAAAAAAAAAAAAA                
 9.85709965e-01 3.80164734e+02 2.75991750e+00 1.80645920e-02 3.49460058e-02 6.71073735e-01 2.09000000e+05 0.00000000e+00
 0.00000000e+00 0.00000000e+00 0.00000000e+00 4.82543663e-04 0.00000000e+00 0.00000000e+00 0.00000000e+00 0.00000000e+00
 0.00000000e+00 0.00000000e+00 6.29873909e-07 0.00000000e+00 0.00000000e+00 7.81000000e+05
    39.000 2.3320000   231.900     AA L AAAAAAAAAAAAAAAAAAAAAA                
 1.00154519e+00 3.80164734e+02 2.63941455e+00 1.54348947e-02 3.88195738e-02 6.15765691e-01 2.09000000e+05 0.00000000e+00
 0.00000000e+00 0.00000000e+00 0.00000000e+00 3.56983423e-04 0.00000000e+00 0.00000000e+00 0.00000000e+00 0.00000000e+00
 0.00000000e+00 0.00000000e+00 5.23171138e-07 0.00000000e+00 0.00000000e+00 7.81000000e+05
    40.000 2.0199999   232.900     AA L AAAAAAAAAAAAAAAAAAAAAA                
 9.95050132e-01 3.80164734e+02 2.51185894e+00 1.31100444e-02 4.29957993e-02 5.65728366e-01 2.09000000e+05 0.00000000e+00
 0.00000000e+00 0.00000000e+00 0.00000000e+00 2.58392072e-04 0.00000000e+00 0.00000000e+00 0.00000000e+00 0.00000000e+00
 0.00000000e+00 0.00000000e+00 4.41822493e-07 0.00000000e+00 0.00000000e+00 7.81000000e+05
    41.000 1.7539999   235.300     AA L AAAAAAAAAAAAAAAAAAAAAA                
 9.61554706e-01 3.80164734e+02 2.37363291e+00 1.10978819e-02 4.76064608e-02 5.21014631e-01 2.09000000e+05 0.00000000e+00
 0.00000000e+00 0.00000000e+00 0.00000000e+00 1.89925791e-04 0.00000000e+00 0.00000000e+00 0.00000000e+00 0.00000000e+00
 0.00000000e+00 0.00000000e+00 3.87549818e-07 0.00000000e+00 0.00000000e+00 7.81000000e+05
    42.000 1.5130000   238.300     AA L AAAAAAAAAAAAAAAAAAAAAA                
 9.67844188e-01 3.80164734e+02 2.26128101e+00 9.24638566e-03 5.32774292e-02 4.77730811e-01 2.09000000e+05 0.00000000e+00
 0.00000000e+00 0.00000000e+00 0.00000000e+00 1.42221019e-04 0.00000000e+00 0.00000000e+00 0.00000000e+00 0.00000000e+00
 0.00000000e+00 0.00000000e+00 3.46661864e-07 0.00000000e+00 0.00000000e+00 7.81000000e+05
    43.000 1.3259999   241.400     AA L AAAAAAAAAAAAAAAAAAAAAA                
 9.86609280e-01 3.80164734e+02 2.17128325e+00 7.67480815e-03 5.86078428e-02 4.40216482e-01 2.09000000e+05 0.00000000e+00
 0.00000000e+00 0.00000000e+00 0.00000000e+00 1.07262073e-04 0.00000000e+00 0.00000000e+00 0.00000000e+00 0.00000000e+00
 0.00000000e+00 0.00000000e+00 3.15230267e-07 0.00000000e+00 0.00000000e+00 7.81000000e+05
    44.000 1.1449999   244.600     AA L AAAAAAAAAAAAAAAAAAAAAA                
 1.00581419e+00 3.80164734e+02 2.08550811e+00 6.30568666e-03 6.67745247e-02 4.04644608e-01 2.09000000e+05 0.00000000e+00
 0.00000000e+00 0.00000000e+00 0.00000000e+00 8.73957397e-05 0.00000000e+00 0.00000000e+00 0.00000000e+00 0.00000000e+00
 0.00000000e+00 0.00000000e+00 2.91727332e-07 0.00000000e+00 0.00000000e+00 7.81000000e+05
    45.000 1.0080000   246.900     AA L AAAAAAAAAAAAAAAAAAAAAA                
 1.02223492e+00 3.80164734e+02 2.01321912e+00 5.17478166e-03 7.42075518e-02 3.74698132e-01 2.09000000e+05 0.00000000e+00
 0.00000000e+00 0.00000000e+00 0.00000000e+00 7.30518223e-05 0.00000000e+00 0.00000000e+00 0.00000000e+00 0.00000000e+00
 0.00000000e+00 0.00000000e+00 2.73070611e-07 0.00000000e+00 0.00000000e+00 7.81000000e+05
    46.000 0.8757000   249.200     AA L AAAAAAAAAAAAAAAAAAAAAA                
 1.05340779e+00 3.80164734e+02 1.87199521e+00 4.17717081e-03 8.48274752e-02 3.47037137e-01 2.09000000e+05 0.00000000e+00
 0.00000000e+00 0.00000000e+00 0.00000000e+00 6.38898418e-05 0.00000000e+00 0.00000000e+00 0.00000000e+00 0.00000000e+00
 0.00000000e+00 0.00000000e+00 2.59748617e-07 0.00000000e+00 0.00000000e+00 7.81000000e+05
    47.000 0.7698000   251.000     AA L AAAAAAAAAAAAAAAAAAAAAA                
 1.08562267e+00 3.80164734e+02 1.72539937e+00 3.33367009e-03 9.52330083e-02 3.23212504e-01 2.09000000e+05 0.00000000e+00
 0.00000000e+00 0.00000000e+00 0.00000000e+00 5.73686884e-05 0.00000000e+00 0.00000000e+00 0.00000000e+00 0.00000000e+00
 0.00000000e+00 0.00000000e+00 2.49585298e-07 0.00000000e+00 0.00000000e+00 7.81000000e+05
    48.000 0.6746000   252.700     AA L AAAAAAAAAAAAAAAAAAAAAA                
 1.08645546e+00 3.80164734e+02 1.57504451e+00 2.63130968e-03 1.05791055e-01 3.03487450e-01 2.09000000e+05 0.00000000e+00
 0.00000000e+00 0.00000000e+00 0.00000000e+00 5.25701653e-05 0.00000000e+00 0.00000000e+00 0.00000000e+00 0.00000000e+00
 0.00000000e+00 0.00000000e+00 2.41939404e-07 0.00000000e+00 0.00000000e+00 7.81000000e+05
    49.000 0.5869000   254.100     AA L AAAAAAAAAAAAAAAAAAAAAA                
 1.04235625e+00 3.80164734e+02 1.41612935e+00 2.11627316e-03 1.16790563e-01 2.89217740e-01 2.09000000e+05 0.00000000e+00
 0.00000000e+00 0.00000000e+00 0.00000000e+00 5.01376526e-05 0.00000000e+00 0.00000000e+00 0.00000000e+00 0.00000000e+00
 0.00000000e+00 0.00000000e+00 2.37737765e-07 0.00000000e+00 0.00000000e+00 7.81000000e+05
    50.000 0.5202999   255.000     AA L AAAAAAAAAAAAAAAAAAAAAA                
 1.00421548e+00 3.80164734e+02 1.27868557e+00 1.67082425e-03 1.26303896e-01 2.76876032e-01 2.09000000e+05 0.00000000e+00
 0.00000000e+00 0.00000000e+00 0.00000000e+00 4.80338058e-05 0.00000000e+00 0.00000000e+00 0.00000000e+00 0.00000000e+00
 0.00000000e+00 0.00000000e+00 2.34103837e-07 0.00000000e+00 0.00000000e+00 7.81000000e+05
    51.000 0.4537000   255.800     AA L AAAAAAAAAAAAAAAAAAAAAA                
 1.01194775e+00 3.80164734e+02 1.18250501e+00 1.57642760e-03 1.39715999e-01 2.67211735e-01 2.09000000e+05 0.00000000e+00
 0.00000000e+00 0.00000000e+00 0.00000000e+00 4.61337586e-05 0.00000000e+00 0.00000000e+00 0.00000000e+00 0.00000000e+00
 0.00000000e+00 0.00000000e+00 2.30690461e-07 0.00000000e+00 0.00000000e+00 7.81000000e+05
    52.000 0.3978999   256.200     AA L AAAAAAAAAAAAAAAAAAAAAA                
 1.03142190e+00 3.80164734e+02 1.10454369e+00 1.58329052e-03 1.53179079e-01 2.58983821e-01 2.09000000e+05 0.00000000e+00
 0.00000000e+00 0.00000000e+00 0.00000000e+00 4.44295001e-05 0.00000000e+00 0.00000000e+00 0.00000000e+00 0.00000000e+00
 0.00000000e+00 0.00000000e+00 2.27589709e-07 0.00000000e+00 0.00000000e+00 7.81000000e+05
    53.000 0.3526000   256.100     AA L AAAAAAAAAAAAAAAAAAAAAA                
 1.04935741e+00 3.80164734e+02 1.03274238e+00 1.58961117e-03 1.65578425e-01 2.51405984e-01 2.09000000e+05 0.00000000e+00
 0.00000000e+00 0.00000000e+00 0.00000000e+00 4.28598942e-05 0.00000000e+00 0.00000000e+00 0.00000000e+00 0.00000000e+00
 0.00000000e+00 0.00000000e+00 2.24733967e-07 0.00000000e+00 0.00000000e+00 7.81000000e+05
    54.000 0.3073999   256.000     AA L AAAAAAAAAAAAAAAAAAAAAA                
 1.03122771e+00 3.80164734e+02 9.49448824e-01 1.74750679e-03 1.79448873e-01 2.43987083e-01 2.09000000e+05 0.00000000e+00
 0.00000000e+00 0.00000000e+00 0.00000000e+00 4.15196409e-05 0.00000000e+00 0.00000000e+00 0.00000000e+00 0.00000000e+00
 0.00000000e+00 0.00000000e+00 2.22137004e-07 0.00000000e+00 0.00000000e+00 7.81000000e+05
    55.000 0.2685999   255.800     AA L AAAAAAAAAAAAAAAAAAAAAA                
 1.00669599e+00 3.80164734e+02 8.67213130e-01 1.92904356e-03 1.93055704e-01 2.36896053e-01 2.09000000e+05 0.00000000e+00
 0.00000000e+00 0.00000000e+00 0.00000000e+00 4.02782680e-05 0.00000000e+00 0.00000000e+00 0.00000000e+00 0.00000000e+00
 0.00000000e+00 0.00000000e+00 2.19694954e-07 0.00000000e+00 0.00000000e+00 7.81000000e+05
    56.000 0.2392000   255.600     AA L AAAAAAAAAAAAAAAAAAAAAA                
 9.85619307e-01 3.80164734e+02 7.96559572e-01 2.08501238e-03 2.04746127e-01 2.30803743e-01 2.09000000e+05 0.00000000e+00
 0.00000000e+00 0.00000000e+00 0.00000000e+00 3.92117327e-05 0.00000000e+00 0.00000000e+00 0.00000000e+00 0.00000000e+00
 0.00000000e+00 0.00000000e+00 2.17596849e-07 0.00000000e+00 0.00000000e+00 7.81000000e+05
    57.000 0.2098000   255.300     AA L AAAAAAAAAAAAAAAAAAAAAA                
 9.50656056e-01 3.80164734e+02 7.26019979e-01 2.28551822e-03 2.24265128e-01 2.22575158e-01 2.09000000e+05 0.00000000e+00
 0.00000000e+00 0.00000000e+00 0.00000000e+00 3.82727376e-05 0.00000000e+00 0.00000000e+00 0.00000000e+00 0.00000000e+00
 0.00000000e+00 0.00000000e+00 2.15647475e-07 0.00000000e+00 0.00000000e+00 7.81000000e+05
    58.000 0.1804000   255.100     AA L AAAAAAAAAAAAAAAAAAAAAA                
 8.98252726e-01 3.80164734e+02 6.55077040e-01 2.54263892e-03 2.53614426e-01 2.11641669e-01 2.09000000e+05 0.00000000e+00
 0.00000000e+00 0.00000000e+00 0.00000000e+00 3.74842020e-05 0.00000000e+00 0.00000000e+00 0.00000000e+00 0.00000000e+00
 0.00000000e+00 0.00000000e+00 2.13866940e-07 0.00000000e+00 0.00000000e+00 7.81000000e+05
    59.000 0.1611000   254.400     AA L AAAAAAAAAAAAAAAAAAAAAA                
 8.58978868e-01 3.80164734e+02 6.01908505e-01 2.73533934e-03 2.75610417e-01 2.03447491e-01 2.09000000e+05 0.00000000e+00
 0.00000000e+00 0.00000000e+00 0.00000000e+00 3.68932306e-05 0.00000000e+00 0.00000000e+00 0.00000000e+00 0.00000000e+00
 0.00000000e+00 0.00000000e+00 2.12532512e-07 0.00000000e+00 0.00000000e+00 7.81000000e+05
    60.000 0.1430000   253.600     AA L AAAAAAAAAAAAAAAAAAAAAA                
 8.17612231e-01 3.80164734e+02 5.45906842e-01 2.93830782e-03 2.98778504e-01 1.94816694e-01 2.09000000e+05 0.00000000e+00
 0.00000000e+00 0.00000000e+00 0.00000000e+00 3.62707651e-05 0.00000000e+00 0.00000000e+00 0.00000000e+00 0.00000000e+00
 0.00000000e+00 0.00000000e+00 2.11126988e-07 0.00000000e+00 0.00000000e+00 7.81000000e+05
    61.000 0.1249000   252.900     AA L AAAAAAAAAAAAAAAAAAAAAA                
 8.02734554e-01 3.80164734e+02 4.91055518e-01 3.09300493e-03 3.31807703e-01 1.88390180e-01 2.09000000e+05 0.00000000e+00
 0.00000000e+00 0.00000000e+00 0.00000000e+00 3.56963428e-05 0.00000000e+00 0.00000000e+00 0.00000000e+00 0.00000000e+00
 0.00000000e+00 0.00000000e+00 2.09822389e-07 0.00000000e+00 0.00000000e+00 7.81000000e+05
    62.000 0.1069000   252.100     AA L AAAAAAAAAAAAAAAAAAAAAA                
 8.02734554e-01 3.80164734e+02 4.32639599e-01 3.23050073e-03 3.73371452e-01 1.82798669e-01 2.09000000e+05 0.00000000e+00
 0.00000000e+00 0.00000000e+00 0.00000000e+00 3.51063791e-05 0.00000000e+00 0.00000000e+00 0.00000000e+00 0.00000000e+00
 0.00000000e+00 0.00000000e+00 2.08477530e-07 0.00000000e+00 0.00000000e+00 7.81000000e+05
    63.000 0.0952600   250.000     AA L AAAAAAAAAAAAAAAAAAAAAA                
 8.02734554e-01 3.80164734e+02 3.89364839e-01 3.33235832e-03 4.04162049e-01 1.78656444e-01 2.09000000e+05 0.00000000e+00
 0.00000000e+00 0.00000000e+00 0.00000000e+00 3.46693269e-05 0.00000000e+00 0.00000000e+00 0.00000000e+00 0.00000000e+00
 0.00000000e+00 0.00000000e+00 2.07481264e-07 0.00000000e+00 0.00000000e+00 7.81000000e+05
    64.000 0.0848400   247.700     AA L AAAAAAAAAAAAAAAAAAAAAA                
 8.02734554e-01 3.80164734e+02 3.45880181e-01 3.43470974e-03 4.35101986e-01 1.74494132e-01 2.09000000e+05 0.00000000e+00
 0.00000000e+00 0.00000000e+00 0.00000000e+00 3.42301573e-05 0.00000000e+00 0.00000000e+00 0.00000000e+00 0.00000000e+00
 0.00000000e+00 0.00000000e+00 2.06480166e-07 0.00000000e+00 0.00000000e+00 7.81000000e+05
    65.000 0.0744100   245.400     AA L AAAAAAAAAAAAAAAAAAAAAA                
 8.02734554e-01 3.80164734e+02 3.02569568e-01 3.55661730e-03 4.75618303e-01 1.70144513e-01 2.09000000e+05 0.00000000e+00
 0.00000000e+00 0.00000000e+00 0.00000000e+00 3.37746787e-05 0.00000000e+00 0.00000000e+00 0.00000000e+00 0.00000000e+00
 0.00000000e+00 0.00000000e+00 2.05412647e-07 0.00000000e+00 0.00000000e+00 7.81000000e+05
    66.000 0.0639800   243.100     AA L AAAAAAAAAAAAAAAAAAAAAA                
 8.02734554e-01 3.80164734e+02 2.73088366e-01 3.71761294e-03 5.41100144e-01 1.66386694e-01 2.09000000e+05 0.00000000e+00
 0.00000000e+00 0.00000000e+00 0.00000000e+00 3.33940407e-05 0.00000000e+00 0.00000000e+00 0.00000000e+00 0.00000000e+00
 0.00000000e+00 0.00000000e+00 2.04410853e-07 0.00000000e+00 0.00000000e+00 7.81000000e+05
    67.000 0.0544600   240.800     AA L AAAAAAAAAAAAAAAAAAAAAA                
 8.02734554e-01 3.80164734e+02 2.41638541e-01 3.88935907e-03 6.10954404e-01 1.62377968e-01 2.09000000e+05 0.00000000e+00
 0.00000000e+00 0.00000000e+00 0.00000000e+00 3.29879840e-05 0.00000000e+00 0.00000000e+00 0.00000000e+00 0.00000000e+00
 0.00000000e+00 0.00000000e+00 2.03342168e-07 0.00000000e+00 0.00000000e+00 7.81000000e+05
    68.000 0.0490200   238.900     AA L AAAAAAAAAAAAAAAAAAAAAA                
 8.02734554e-01 3.80164734e+02 2.21094549e-01 4.00154898e-03 6.56585395e-01 1.59759343e-01 2.09000000e+05 0.00000000e+00
 0.00000000e+00 0.00000000e+00 0.00000000e+00 3.27227317e-05 0.00000000e+00 0.00000000e+00 0.00000000e+00 0.00000000e+00
 0.00000000e+00 0.00000000e+00 2.02644074e-07 0.00000000e+00 0.00000000e+00 7.81000000e+05
    69.000 0.0435900   236.900     AA L AAAAAAAAAAAAAAAAAAAAAA                
 8.02734554e-01 3.80164734e+02 1.98176295e-01 4.12670476e-03 7.07489908e-01 1.56838089e-01 2.09000000e+05 0.00000000e+00
 0.00000000e+00 0.00000000e+00 0.00000000e+00 3.24268294e-05 0.00000000e+00 0.00000000e+00 0.00000000e+00 0.00000000e+00
 0.00000000e+00 0.00000000e+00 2.01865291e-07 0.00000000e+00 0.00000000e+00 7.81000000e+05
    70.000 0.0381500   234.900     AA L AAAAAAAAAAAAAAAAAAAAAA                
 8.02734554e-01 3.80154602e+02 1.73428923e-01 4.27162182e-03 7.67521918e-01 1.53615847e-01 2.09000000e+05 0.00000000e+00
 0.00000000e+00 0.00000000e+00 0.00000000e+00 3.20965009e-05 0.00000000e+00 0.00000000e+00 0.00000000e+00 0.00000000e+00
 0.00000000e+00 0.00000000e+00 2.00990755e-07 0.00000000e+00 0.00000000e+00 7.81000000e+05
    72.500 0.0259600   221.800     AA L AAAAAAAAAAAAAAAAAAAAAA                
 8.02734554e-01 3.79557709e+02 1.73428923e-01 4.84761875e-03 1.06602800e+00 1.49618343e-01 2.09000000e+05 0.00000000e+00
 0.00000000e+00 0.00000000e+00 0.00000000e+00 3.14593963e-05 0.00000000e+00 0.00000000e+00 0.00000000e+00 0.00000000e+00
 0.00000000e+00 0.00000000e+00 1.99009662e-07 0.00000000e+00 0.00000000e+00 7.81000000e+05
    75.000 0.0176400   209.200     AA L AAAAAAAAAAAAAAAAAAAAAA                
 8.02734554e-01 3.78958588e+02 1.73428923e-01 5.42573864e-03 1.36563432e+00 1.45606115e-01 2.09000000e+05 0.00000000e+00
 0.00000000e+00 0.00000000e+00 0.00000000e+00 3.08199487e-05 0.00000000e+00 0.00000000e+00 0.00000000e+00 0.00000000e+00
 0.00000000e+00 0.00000000e+00 1.97021279e-07 0.00000000e+00 0.00000000e+00 7.81000000e+05
    77.500 0.0118100   205.400     AA L AAAAAAAAAAAAAAAAAAAAAA                
 8.02734554e-01 3.76339813e+02 1.99532628e-01 6.02634065e-03 1.87981379e+00 1.44894078e-01 2.06933438e+05 0.00000000e+00
 0.00000000e+00 0.00000000e+00 0.00000000e+00 3.03113957e-05 0.00000000e+00 0.00000000e+00 0.00000000e+00 0.00000000e+00
 0.00000000e+00 0.00000000e+00 1.95451292e-07 0.00000000e+00 0.00000000e+00 7.81000000e+05
    80.000 0.0078550   201.900     AA L AAAAAAAAAAAAAAAAAAAAAA                
 8.02734554e-01 3.73079895e+02 2.33885467e-01 6.63686963e-03 2.46326375e+00 1.45205349e-01 2.04213812e+05 0.00000000e+00
 0.00000000e+00 0.00000000e+00 0.00000000e+00 2.98410887e-05 0.00000000e+00 0.00000000e+00 0.00000000e+00 0.00000000e+00
 0.00000000e+00 0.00000000e+00 1.94003803e-07 0.00000000e+00 0.00000000e+00 7.81000000e+05
    82.500 0.0051910   198.700     AA L AAAAAAAAAAAAAAAAAAAAAA                
 8.02734554e-01 3.69768555e+02 2.68779755e-01 7.25702196e-03 3.05591035e+00 1.45521551e-01 2.01451328e+05 0.00000000e+00
 0.00000000e+00 0.00000000e+00 0.00000000e+00 2.93633693e-05 0.00000000e+00 0.00000000e+00 0.00000000e+00 0.00000000e+00
 0.00000000e+00 0.00000000e+00 1.92533520e-07 0.00000000e+00 0.00000000e+00 7.81000000e+05
    85.000 0.0034090   195.600     AA L AAAAAAAAAAAAAAAAAAAAAA                
 8.02734554e-01 3.66407013e+02 3.04203361e-01 7.88658112e-03 3.65754652e+00 1.45842537e-01 1.98646938e+05 0.00000000e+00
 0.00000000e+00 0.00000000e+00 0.00000000e+00 2.88784013e-05 0.00000000e+00 0.00000000e+00 0.00000000e+00 0.00000000e+00
 0.00000000e+00 0.00000000e+00 1.91040925e-07 0.00000000e+00 0.00000000e+00 7.81000000e+05
    87.500 0.0022260   192.600     AA L AAAAAAAAAAAAAAAAAAAAAA                
 8.02734554e-01 3.62999847e+02 3.40107590e-01 8.52468237e-03 4.26734543e+00 1.46167874e-01 1.95804484e+05 0.00000000e+00
 0.00000000e+00 0.00000000e+00 0.00000000e+00 2.83868558e-05 0.00000000e+00 0.00000000e+00 0.00000000e+00 0.00000000e+00
 0.00000000e+00 0.00000000e+00 1.89528066e-07 0.00000000e+00 0.00000000e+00 7.81000000e+05
    90.000 0.0014440   189.400     AA L AAAAAAAAAAAAAAAAAAAAAA                
 8.02734554e-01 3.59540100e+02 3.76565754e-01 9.17262863e-03 4.88655329e+00 1.46498233e-01 1.92918188e+05 0.00000000e+00
 0.00000000e+00 0.00000000e+00 0.00000000e+00 2.78877251e-05 0.00000000e+00 0.00000000e+00 0.00000000e+00 0.00000000e+00
 0.00000000e+00 0.00000000e+00 1.87991887e-07 0.00000000e+00 0.00000000e+00 7.81000000e+05
    92.500 0.0009320   186.400     AA L AAAAAAAAAAAAAAAAAAAAAA                
 8.02734554e-01 3.56040009e+02 4.13449407e-01 9.82813723e-03 5.51298714e+00 1.46832451e-01 1.89998203e+05 0.00000000e+00
 0.00000000e+00 0.00000000e+00 0.00000000e+00 2.73827700e-05 0.00000000e+00 0.00000000e+00 0.00000000e+00 0.00000000e+00
 0.00000000e+00 0.00000000e+00 1.86437759e-07 0.00000000e+00 0.00000000e+00 7.81000000e+05
    95.000 0.0005991   184.500     AA L AAAAAAAAAAAAAAAAAAAAAA                
 8.02734554e-01 3.52507385e+02 4.50675547e-01 1.04897311e-02 6.14523697e+00 1.47169769e-01 1.87051109e+05 0.00000000e+00
 0.00000000e+00 0.00000000e+00 0.00000000e+00 2.68731255e-05 0.00000000e+00 0.00000000e+00 0.00000000e+00 0.00000000e+00
 0.00000000e+00 0.00000000e+00 1.84869222e-07 0.00000000e+00 0.00000000e+00 7.81000000e+05
    97.500 0.0003855   185.000     AA L AAAAAAAAAAAAAAAAAAAAAA                
 8.02734554e-01 3.48982941e+02 4.87815917e-01 1.11498013e-02 6.77603149e+00 1.47506312e-01 1.84110812e+05 0.00000000e+00
 0.00000000e+00 0.00000000e+00 0.00000000e+00 2.63646543e-05 0.00000000e+00 0.00000000e+00 0.00000000e+00 0.00000000e+00
 0.00000000e+00 0.00000000e+00 1.83304280e-07 0.00000000e+00 0.00000000e+00 7.81000000e+05
   100.000 0.0002503   189.300     AA L AAAAAAAAAAAAAAAAAAAAAA                
 8.02734554e-01 3.45530457e+02 5.24197698e-01 1.17963888e-02 7.39393997e+00 1.47835985e-01 1.81230562e+05 0.00000000e+00
 0.00000000e+00 0.00000000e+00 0.00000000e+00 2.58665714e-05 0.00000000e+00 0.00000000e+00 0.00000000e+00 0.00000000e+00
 0.00000000e+00 0.00000000e+00 1.81771313e-07 0.00000000e+00 0.00000000e+00 7.81000000e+05
   102.500 0.0001656   198.900     AA L AAAAAAAAAAAAAAAAAAAAAA                
 8.02734554e-01 3.42228241e+02 5.58995962e-01 1.24148354e-02 7.98495674e+00 1.48151293e-01 1.78475672e+05 0.00000000e+00
 0.00000000e+00 0.00000000e+00 0.00000000e+00 2.53901653e-05 0.00000000e+00 0.00000000e+00 0.00000000e+00 0.00000000e+00
 0.00000000e+00 0.00000000e+00 1.80305065e-07 0.00000000e+00 0.00000000e+00 7.81000000e+05
   105.000 0.0001128   213.900     AA L AAAAAAAAAAAAAAAAAAAAAA                
 8.02734554e-01 3.39158844e+02 5.91340721e-01 1.29896775e-02 8.53430176e+00 1.48444384e-01 1.75915031e+05 0.00000000e+00
 0.00000000e+00 0.00000000e+00 0.00000000e+00 2.49473487e-05 0.00000000e+00 0.00000000e+00 0.00000000e+00 0.00000000e+00
 0.00000000e+00 0.00000000e+00 1.78942202e-07 0.00000000e+00 0.00000000e+00 7.81000000e+05
   107.500 0.0000794   233.900     AA L AAAAAAAAAAAAAAAAAAAAAA                
 8.02734554e-01 3.36351990e+02 6.20918989e-01 1.35153504e-02 9.03666019e+00 1.48712412e-01 1.73573391e+05 0.00000000e+00
 0.00000000e+00 0.00000000e+00 0.00000000e+00 2.45424089e-05 0.00000000e+00 0.00000000e+00 0.00000000e+00 0.00000000e+00
 0.00000000e+00 0.00000000e+00 1.77695895e-07 0.00000000e+00 0.00000000e+00 7.81000000e+05
   110.000 0.0000579   258.100     AA L AAAAAAAAAAAAAAAAAAAAAA                
 8.02734554e-01 3.33827637e+02 6.47520363e-01 1.39881186e-02 9.48845959e+00 1.48953453e-01 1.71467422e+05 0.00000000e+00
 0.00000000e+00 0.00000000e+00 0.00000000e+00 2.41782218e-05 0.00000000e+00 0.00000000e+00 0.00000000e+00 0.00000000e+00
 0.00000000e+00 0.00000000e+00 1.76575028e-07 0.00000000e+00 0.00000000e+00 7.81000000e+05
   112.500 0.0000436   284.600     AA L AAAAAAAAAAAAAAAAAAAAAA                
 8.02734554e-01 3.31563721e+02 6.71377361e-01 1.44121125e-02 9.89364719e+00 1.49169624e-01 1.69578734e+05 0.00000000e+00
 0.00000000e+00 0.00000000e+00 0.00000000e+00 2.38516077e-05 0.00000000e+00 0.00000000e+00 0.00000000e+00 0.00000000e+00
 0.00000000e+00 0.00000000e+00 1.75569809e-07 0.00000000e+00 0.00000000e+00 7.81000000e+05
   115.000 0.0000338   313.200     AA L AAAAAAAAAAAAAAAAAAAAAA                
 8.02734554e-01 3.29531891e+02 6.92788482e-01 1.47926379e-02 1.02572956e+01 1.49363637e-01 1.67883672e+05 0.00000000e+00
 0.00000000e+00 0.00000000e+00 0.00000000e+00 2.35584794e-05 0.00000000e+00 0.00000000e+00 0.00000000e+00 0.00000000e+00
 0.00000000e+00 0.00000000e+00 1.74667633e-07 0.00000000e+00 0.00000000e+00 7.81000000e+05
   117.500 0.0000269   344.300     AA L AAAAAAAAAAAAAAAAAAAAAA                
 8.02734554e-01 3.27705414e+02 7.12035537e-01 1.51347034e-02 1.05841875e+01 1.49538040e-01 1.66359938e+05 0.00000000e+00
 0.00000000e+00 0.00000000e+00 0.00000000e+00 2.32949787e-05 0.00000000e+00 0.00000000e+00 0.00000000e+00 0.00000000e+00
 0.00000000e+00 0.00000000e+00 1.73856648e-07 0.00000000e+00 0.00000000e+00 7.81000000e+05
   120.000 0.0000219   379.000     AA L AAAAAAAAAAAAAAAAAAAAAA                
 8.02734554e-01 3.26062866e+02 7.29344368e-01 1.54423211e-02 1.08781624e+01 1.49694890e-01 1.64989641e+05 0.00000000e+00
 0.00000000e+00 0.00000000e+00 0.00000000e+00 2.30580117e-05 0.00000000e+00 0.00000000e+00 0.00000000e+00 0.00000000e+00
 0.00000000e+00 0.00000000e+00 1.73127333e-07 0.00000000e+00 0.00000000e+00 7.81000000e+05
    3    0    0
       F11       F14       F22
   91    1                              Cross-section Values
 1013.0000     AAA
 2.800e-04 7.000e-05 1.400e-04
 880.59997     AAA
 2.800e-04 7.000e-05 1.400e-04
 764.59997     AAA
 2.800e-04 7.000e-05 1.400e-04
 662.29998     AAA
 2.800e-04 7.000e-05 1.400e-04
 571.79998     AAA
 2.800e-04 7.000e-05 1.400e-04
 491.79998     AAA
 2.800e-04 7.000e-05 1.400e-04
 421.39999     AAA
 2.800e-04 7.000e-05 1.400e-04
 359.79998     AAA
 2.800e-04 7.000e-05 1.400e-04
 306.60000     AAA
 2.800e-04 7.000e-05 1.399e-04
 261.20001     AAA
 2.800e-04 7.000e-05 1.367e-04
 222.89999     AAA
 2.800e-04 7.000e-05 1.306e-04
 190.19999     AAA
 2.800e-04 7.000e-05 1.220e-04
 162.19999     AAA
 2.800e-04 7.000e-05 1.137e-04
 138.19999     AAA
 2.799e-04 7.000e-05 1.059e-04
 117.80000     AAA
 2.789e-04 7.000e-05 9.856e-05
 100.30000     AAA
 2.778e-04 7.000e-05 9.174e-05
 85.319999     AAA
 2.772e-04 7.000e-05 8.582e-05
 72.540000     AAA
 2.765e-04 7.000e-05 8.036e-05
 61.599998     AAA
 2.753e-04 7.000e-05 7.515e-05
 52.220001     AAA
 2.739e-04 7.000e-05 6.985e-05
 44.240001     AAA
 2.719e-04 7.000e-05 6.559e-05
 37.520000     AAA
 2.683e-04 7.000e-05 6.141e-05
 31.920000     AAA
 2.620e-04 7.000e-05 5.759e-05
 27.139999     AAA
 2.544e-04 7.000e-05 5.369e-05
 23.110000     AAA
 2.457e-04 7.000e-05 4.982e-05
 19.649999     AAA
 2.340e-04 7.000e-05 4.589e-05
 16.760000     AAA
 2.198e-04 7.000e-05 4.201e-05
 14.300000     AAA
 2.040e-04 6.968e-05 3.876e-05
 12.210000     AAA
 1.878e-04 6.914e-05 3.598e-05
 10.439999     AAA
 1.702e-04 6.838e-05 3.325e-05
 8.9289999     AAA
 1.525e-04 6.752e-05 3.047e-05
 7.6479997     AAA
 1.344e-04 6.668e-05 2.804e-05
 6.5599999     AAA
 1.170e-04 6.589e-05 2.566e-05
 5.6420002     AAA
 1.001e-04 6.535e-05 2.373e-05
 4.8619999     AAA
 8.310e-05 6.497e-05 2.191e-05
 4.1909999     AAA
 5.800e-05 6.493e-05 2.006e-05
 3.6089999     AAA
 3.367e-05 6.500e-05 1.835e-05
 3.1189999     AAA
 1.909e-05 6.500e-05 1.707e-05
 2.7040000     AAA
 9.338e-06 6.500e-05 1.578e-05
 2.3320000     AAA
 3.914e-06 6.500e-05 1.449e-05
 2.0199999     AAA
 1.325e-06 6.500e-05 1.345e-05
 1.7539999     AAA
 5.297e-07 6.500e-05 1.254e-05
 1.5130000     AAA
 1.961e-07 6.500e-05 1.156e-05
 1.3259999     AAA
 8.139e-08 6.500e-05 1.080e-05
 1.1449999     AAA
 1.527e-08 6.358e-05 9.994e-06
 1.0080000     AAA
 1.463e-08 6.174e-05 9.308e-06
 0.8757000     AAA
 2.929e-09 5.899e-05 8.631e-06
 0.7698000     AAA
 0.000e+00 5.650e-05 8.041e-06
 0.6746000     AAA
 0.000e+00 5.501e-05 7.544e-06
 0.5869000     AAA
 0.000e+00 5.392e-05 7.043e-06
 0.5202999     AAA
 0.000e+00 5.328e-05 6.695e-06
 0.4537000     AAA
 0.000e+00 5.279e-05 6.359e-06
 0.3978999     AAA
 3.264e-10 5.228e-05 6.055e-06
 0.3526000     AAA
 2.450e-10 5.171e-05 5.824e-06
 0.3073999     AAA
 1.627e-10 5.114e-05 5.565e-06
 0.2685999     AAA
 9.132e-11 5.064e-05 5.348e-06
 0.2392000     AAA
 3.670e-11 5.026e-05 5.185e-06
 0.2098000     AAA
 0.000e+00 4.974e-05 5.002e-06
 0.1804000     AAA
 0.000e+00 4.890e-05 4.826e-06
 0.1611000     AAA
 0.000e+00 4.829e-05 4.694e-06
 0.1430000     AAA
 0.000e+00 4.767e-05 4.569e-06
 0.1249000     AAA
 0.000e+00 4.701e-05 4.442e-06
 0.1069000     AAA
 0.000e+00 4.620e-05 4.302e-06
 0.0952600     AAA
 0.000e+00 4.510e-05 4.198e-06
 0.0848400     AAA
 0.000e+00 4.401e-05 4.094e-06
 0.0744100     AAA
 0.000e+00 4.281e-05 3.981e-06
 0.0639800     AAA
 0.000e+00 4.150e-05 3.870e-06
 0.0544600     AAA
 0.000e+00 4.021e-05 3.766e-06
 0.0490200     AAA
 0.000e+00 3.939e-05 3.697e-06
 0.0435900     AAA
 0.000e+00 3.850e-05 3.621e-06
 0.0381500     AAA
 0.000e+00 3.757e-05 3.534e-06
 0.0259600     AAA
 0.000e+00 3.532e-05 3.288e-06
 0.0176400     AAA
 0.000e+00 3.314e-05 3.074e-06
 0.0118100     AAA
 0.000e+00 3.125e-05 2.868e-06
 0.0078550     AAA
 0.000e+00 3.045e-05 2.690e-06
 0.0051910     AAA
 0.000e+00 3.026e-05 2.529e-06
 0.0034090     AAA
 0.000e+00 3.014e-05 2.393e-06
 0.0022260     AAA
 0.000e+00 3.003e-05 2.275e-06
 0.0014440     AAA
 0.000e+00 2.999e-05 2.169e-06
 0.0009320     AAA
 0.000e+00 3.000e-05 2.072e-06
 0.0005991     AAA
 0.000e+00 3.000e-05 1.975e-06
 0.0003855     AAA
 0.000e+00 3.000e-05 1.875e-06
 0.0002503     AAA
 0.000e+00 3.000e-05 1.775e-06
 0.0001656     AAA
 0.000e+00 3.000e-05 1.676e-06
 0.0001128     AAA
 0.000e+00 3.000e-05 1.579e-06
 0.0000794     AAA
 0.000e+00 3.000e-05 1.484e-06
 0.0000579     AAA
 0.000e+00 3.000e-05 1.391e-06
 0.0000436     AAA
 0.000e+00 3.000e-05 1.301e-06
 0.0000338     AAA
 0.000e+00 3.000e-05 1.213e-06
 0.0000269     AAA
 0.000e+00 3.000e-05 1.125e-06
 0.0000219     AAA
 0.000e+00 3.000e-05 1.039e-06
0.25000000767.0000002600.00000    1   -4    0       0.0   12    1    1   13  0 0  0.000000
-1.
$ Interpolation of FFTSCAN
 HI=0 F4=0 CN=0 AE=0 EM=0 SC=2 FI=0 PL=0 TS=0 AM=0 MG=0 LA=0 OD=0 XS=0    0    0
0.25000000767.0000002600.00000    1    1                  13    1    1   11    0
-1.
$ Transfer to ASCII plotting data
 HI=0 F4=0 CN=0 AE=0 EM=0 SC=0 FI=0 PL=1 TS=0 AM=0 MG=0 LA=0 OD=0 XS=0    0    0
# Plot title not used                                                           
767.0000002600.00000   10.2000  100.0000    5    0   11    0    1.0000 0  0    0
    0.0000    1.2000    7.0200    0.2000    4    0    1    1    0    0 0    3 27
767.0000002600.00000   10.2000  100.0000    5    0   11    0    1.0000 0  0    0
    0.0000    1.2000    7.0200    0.2000    4    0    1    1    1    0 0    3 28
-1.
%%%%%%%
