!  New ref profile : Gas 58 NumLayers =  100
!lay    press     partpress     temp     amount  ratio
!-------------------------------------------------------
   1   1.07120E+00    1.28540E-11   291.953   1.23210E-14   1.00000E+00
   2   1.04270E+00    1.25120E-11   290.487   1.21520E-14   1.00000E+00
   3   1.01460E+00    1.21750E-11   289.002   1.19810E-14   1.00000E+00
   4   9.86870E-01    1.18430E-11   287.497   1.18100E-14   1.00000E+00
   5   9.59550E-01    1.15150E-11   285.971   1.16370E-14   1.00000E+00
   6   9.32640E-01    1.11920E-11   284.425   1.14630E-14   1.00000E+00
   7   9.06120E-01    1.08740E-11   282.858   1.12890E-14   1.00000E+00
   8   8.80020E-01    1.05600E-11   281.282   1.11140E-14   1.00000E+00
   9   8.54320E-01    1.02520E-11   279.711   1.09380E-14   1.00000E+00
  10   8.29030E-01    9.94850E-12   278.119   1.07610E-14   1.00000E+00
  11   8.04150E-01    9.65000E-12   276.506   1.05840E-14   1.00000E+00
  12   7.79690E-01    9.35640E-12   274.878   1.04070E-14   1.00000E+00
  13   7.55630E-01    9.06770E-12   273.254   1.02280E-14   1.00000E+00
  14   7.31990E-01    8.78410E-12   271.609   1.00500E-14   1.00000E+00
  15   7.08770E-01    8.50540E-12   269.940   9.87090E-15   1.00000E+00
  16   6.85960E-01    8.23120E-12   268.258   9.69110E-15   1.00000E+00
  17   6.63570E-01    7.96090E-12   266.580   9.51000E-15   1.00000E+00
  18   6.41600E-01    7.69560E-12   264.877   9.32880E-15   1.00000E+00
  19   6.20050E-01    7.43550E-12   263.150   9.14730E-15   1.00000E+00
  20   5.98910E-01    7.18110E-12   261.416   8.96700E-15   1.00000E+00
  21   5.78190E-01    6.93260E-12   259.679   8.78800E-15   1.00000E+00
  22   5.57890E-01    6.68930E-12   257.915   8.60900E-15   1.00001E+00
  23   5.38010E-01    6.45090E-12   256.126   8.43000E-15   1.00000E+00
  24   5.18550E-01    6.21750E-12   254.341   8.25160E-15   1.00000E+00
  25   4.99500E-01    5.98910E-12   252.540   8.07350E-15   1.00001E+00
  26   4.80860E-01    5.76570E-12   250.711   7.89570E-15   1.00000E+00
  27   4.62650E-01    5.54730E-12   248.864   7.71830E-15   1.00000E+00
  28   4.44840E-01    5.33380E-12   247.021   7.54150E-15   1.00001E+00
  29   4.27450E-01    5.12530E-12   245.151   7.36520E-15   1.00001E+00
  30   4.10480E-01    4.92170E-12   243.251   7.18950E-15   1.00001E+00
  31   3.93910E-01    4.72230E-12   241.355   7.01330E-15   1.00001E+00
  32   3.77750E-01    4.52740E-12   239.444   6.83750E-15   1.00000E+00
  33   3.61990E-01    4.33750E-12   237.501   6.66260E-15   1.00002E+00
  34   3.46640E-01    4.15290E-12   235.543   6.48920E-15   1.00002E+00
  35   3.31700E-01    3.97390E-12   233.583   6.31760E-15   9.99984E-01
  36   3.17150E-01    3.79960E-12   231.590   6.14740E-15   1.00002E+00
  37   3.03000E-01    3.63010E-12   229.575   5.97810E-15   1.00002E+00
  38   2.89240E-01    3.46530E-12   227.590   5.80990E-15   9.99983E-01
  39   2.75880E-01    3.30520E-12   225.577   5.64310E-15   1.00000E+00
  40   2.62910E-01    3.14970E-12   223.529   5.47750E-15   1.00000E+00
  41   2.50320E-01    2.99820E-12   221.464   5.31210E-15   1.00000E+00
  42   2.38110E-01    2.85130E-12   219.365   5.14800E-15   1.00000E+00
  43   2.26290E-01    2.70890E-12   217.324   4.98550E-15   1.00002E+00
  44   2.14840E-01    2.57110E-12   216.773   4.82450E-15   9.99979E-01
  45   2.03760E-01    2.43780E-12   216.740   4.66540E-15   1.00002E+00
  46   1.93050E-01    2.30880E-12   216.707   4.50760E-15   1.00000E+00
  47   1.82700E-01    2.18240E-12   216.700   4.34800E-15   1.00002E+00
  48   1.72710E-01    2.06000E-12   216.700   4.18930E-15   1.00000E+00
  49   1.63080E-01    1.94200E-12   216.700   4.03270E-15   1.00000E+00
  50   1.53800E-01    1.82810E-12   216.700   3.87740E-15   1.00000E+00
  51   1.44860E-01    1.71860E-12   216.700   3.72460E-15   1.00000E+00
  52   1.36270E-01    1.61070E-12   216.700   3.56810E-15   1.00000E+00
  53   1.28010E-01    1.50390E-12   216.700   3.40660E-15   1.00000E+00
  54   1.20080E-01    1.40200E-12   216.700   3.24850E-15   1.00000E+00
  55   1.12480E-01    1.30480E-12   216.700   3.09380E-15   1.00000E+00
  56   1.05190E-01    1.21220E-12   216.700   2.94270E-15   1.00000E+00
  57   9.82240E-02    1.12150E-12   216.700   2.78840E-15   1.00000E+00
  58   9.15650E-02    1.03360E-12   216.700   2.63320E-15   1.00000E+00
  59   8.52090E-02    9.50330E-13   216.700   2.48220E-15   1.00000E+00
  60   7.91490E-02    8.71600E-13   216.700   2.33500E-15   1.00000E+00
  61   7.33810E-02    7.96810E-13   216.700   2.19080E-15   1.00005E+00
  62   6.78970E-02    7.24910E-13   216.700   2.04650E-15   1.00000E+00
  63   6.26920E-02    6.57450E-13   216.700   1.90700E-15   1.00000E+00
  64   5.77590E-02    5.94250E-13   216.700   1.77210E-15   1.00006E+00
  65   5.30910E-02    5.34980E-13   216.864   1.64120E-15   1.00000E+00
  66   4.86810E-02    4.79250E-13   217.355   1.51350E-15   1.00000E+00
  67   4.45230E-02    4.27630E-13   217.900   1.39130E-15   1.00007E+00
  68   4.06100E-02    3.79940E-13   218.491   1.27440E-15   1.00008E+00
  69   3.69350E-02    3.35600E-13   219.103   1.16140E-15   1.00000E+00
  70   3.34910E-02    2.94850E-13   219.737   1.05380E-15   1.00000E+00
  71   3.02700E-02    2.57620E-13   220.393   9.51700E-16   1.00001E+00
  72   2.72650E-02    2.23480E-13   221.073   8.54160E-16   1.00001E+00
  73   2.44680E-02    1.92420E-13   221.771   7.61730E-16   1.00001E+00
  74   2.18740E-02    1.64420E-13   222.480   6.74870E-16   1.00001E+00
  75   1.94720E-02    1.39350E-13   223.214   5.93760E-16   1.00002E+00
  76   1.72580E-02    1.17040E-13   223.980   5.18390E-16   1.00002E+00
  77   1.52210E-02    9.73750E-14   224.809   4.48890E-16   1.00002E+00
  78   1.33550E-02    8.00990E-14   225.679   3.84890E-16   1.00000E+00
  79   1.16530E-02    6.51370E-14   226.636   3.26800E-16   1.00000E+00
  80   1.01060E-02    5.26000E-14   227.853   2.76000E-16   1.00000E+00
  81   8.70620E-03    4.18510E-14   229.151   2.30110E-16   1.00000E+00
  82   7.44630E-03    3.26350E-14   231.163   1.88440E-16   1.00000E+00
  83   6.31830E-03    2.48070E-14   234.361   1.50760E-16   1.00007E+00
  84   5.31440E-03    1.84870E-14   237.751   1.18530E-16   1.00000E+00
  85   4.42680E-03    1.35620E-14   241.343   9.20210E-17   1.00003E+00
  86   3.64780E-03    9.87440E-15   245.224   7.11000E-17   1.00003E+00
  87   2.96970E-03    7.10400E-15   249.409   5.44820E-17   1.00002E+00
  88   2.38480E-03    5.01870E-15   253.939   4.11560E-17   1.00005E+00
  89   1.88550E-03    3.46450E-15   258.858   3.05200E-17   1.00003E+00
  90   1.46430E-03    2.35020E-15   264.213   2.23550E-17   1.00004E+00
  91   1.11390E-03    1.56710E-15   269.429   1.61830E-17   1.00006E+00
  92   8.26910E-04    1.04050E-15   270.403   1.17520E-17   1.00000E+00
  93   5.96370E-04    6.84360E-16   266.409   8.51820E-18   1.00006E+00
  94   4.15280E-04    4.31480E-16   260.486   5.98500E-18   1.00005E+00
  95   2.76900E-04    2.58100E-16   252.316   4.03740E-18   1.00007E+00
  96   1.74800E-04    1.43730E-16   243.031   2.57430E-18   1.00004E+00
  97   1.02710E-04    7.30790E-17   232.752   1.53270E-18   1.00013E+00
  98   5.47150E-05    3.27060E-17   221.308   8.25320E-19   1.00012E+00
  99   2.53190E-05    1.21340E-17   209.975   3.83500E-19   1.00021E+00
 100   9.36810E-06    3.29110E-18   198.141   1.39850E-19   1.00043E+00
