!  New ref profile : Gas 11 NumLayers =  100
!lay    press     partpress     temp     amount  ratio
!-------------------------------------------------------
   1   1.07120E+00    5.35600E-10   291.953   5.13390E-13   1.00000E+00
   2   1.04270E+00    5.21350E-10   290.487   5.06330E-13   1.00000E+00
   3   1.01460E+00    5.07300E-10   289.002   4.99220E-13   1.00000E+00
   4   9.86870E-01    4.93440E-10   287.497   4.92070E-13   1.00000E+00
   5   9.59550E-01    4.79780E-10   285.971   4.84880E-13   1.00002E+00
   6   9.32640E-01    4.66330E-10   284.425   4.77640E-13   1.00000E+00
   7   9.06120E-01    4.53070E-10   282.858   4.70370E-13   1.00000E+00
   8   8.80020E-01    4.37710E-10   281.282   4.60640E-13   1.00002E+00
   9   8.54320E-01    4.17490E-10   279.711   4.45430E-13   1.00002E+00
  10   8.29030E-01    3.97620E-10   278.119   4.30110E-13   1.00000E+00
  11   8.04150E-01    3.78300E-10   276.506   4.14930E-13   1.00000E+00
  12   7.79690E-01    3.57390E-10   274.878   3.97510E-13   1.00000E+00
  13   7.55630E-01    3.31090E-10   273.254   3.73470E-13   1.00000E+00
  14   7.31990E-01    3.05350E-10   271.609   3.49360E-13   1.00003E+00
  15   7.08770E-01    2.80560E-10   269.940   3.25600E-13   1.00000E+00
  16   6.85960E-01    2.56340E-10   268.258   3.01800E-13   1.00000E+00
  17   6.63570E-01    2.32250E-10   266.580   2.77440E-13   1.00000E+00
  18   6.41600E-01    2.09100E-10   264.877   2.53470E-13   1.00000E+00
  19   6.20050E-01    1.86910E-10   263.150   2.29950E-13   1.00000E+00
  20   5.98910E-01    1.66420E-10   261.416   2.07810E-13   1.00000E+00
  21   5.78190E-01    1.47680E-10   259.679   1.87210E-13   1.00005E+00
  22   5.57890E-01    1.29780E-10   257.915   1.67030E-13   1.00000E+00
  23   5.38010E-01    1.12850E-10   256.126   1.47480E-13   1.00000E+00
  24   5.18550E-01    9.94960E-11   254.341   1.32050E-13   1.00000E+00
  25   4.99500E-01    8.78160E-11   252.540   1.18380E-13   1.00000E+00
  26   4.80860E-01    7.66920E-11   250.711   1.05020E-13   1.00000E+00
  27   4.62650E-01    6.64900E-11   248.864   9.25130E-14   1.00000E+00
  28   4.44840E-01    5.79100E-11   247.021   8.18790E-14   1.00001E+00
  29   4.27450E-01    4.98400E-11   245.151   7.16210E-14   1.00001E+00
  30   4.10480E-01    4.22330E-11   243.251   6.16930E-14   9.99984E-01
  31   3.93910E-01    3.61480E-11   241.355   5.36840E-14   1.00000E+00
  32   3.77750E-01    3.08890E-11   239.444   4.66500E-14   1.00000E+00
  33   3.61990E-01    2.59220E-11   237.501   3.98170E-14   1.00003E+00
  34   3.46640E-01    2.15230E-11   235.543   3.36310E-14   9.99970E-01
  35   3.31700E-01    1.78760E-11   233.583   2.84190E-14   1.00000E+00
  36   3.17150E-01    1.44560E-11   231.590   2.33890E-14   1.00004E+00
  37   3.03000E-01    1.14050E-11   229.575   1.87820E-14   9.99947E-01
  38   2.89240E-01    9.24560E-12   227.590   1.55010E-14   9.99935E-01
  39   2.75880E-01    7.30860E-12   225.577   1.24780E-14   1.00000E+00
  40   2.62910E-01    5.55320E-12   223.529   9.65730E-15   9.99979E-01
  41   2.50320E-01    4.41700E-12   221.464   7.82570E-15   1.00000E+00
  42   2.38110E-01    3.47880E-12   219.365   6.28090E-15   1.00002E+00
  43   2.26290E-01    2.62290E-12   217.324   4.82710E-15   9.99979E-01
  44   2.14840E-01    2.07890E-12   216.773   3.90090E-15   1.00000E+00
  45   2.03760E-01    1.65580E-12   216.740   3.16880E-15   1.00003E+00
  46   1.93050E-01    1.26920E-12   216.707   2.47800E-15   9.99919E-01
  47   1.82700E-01    9.78220E-13   216.700   1.94890E-15   1.00000E+00
  48   1.72710E-01    7.28190E-13   216.700   1.48090E-15   1.00000E+00
  49   1.63080E-01    5.09000E-13   216.700   1.05700E-15   9.99905E-01
  50   1.53800E-01    3.58150E-13   216.700   7.59650E-16   1.00003E+00
  51   1.44860E-01    2.26380E-13   216.700   4.90630E-16   1.00002E+00
  52   1.36270E-01    1.36660E-13   216.700   3.02730E-16   9.99571E-01
  53   1.28010E-01    9.43840E-14   216.700   2.13790E-16   1.00000E+00
  54   1.20080E-01    5.80480E-14   216.700   1.34500E-16   9.99628E-01
  55   1.12480E-01    4.00440E-14   216.700   9.49490E-17   1.00001E+00
  56   1.05190E-01    2.68850E-14   216.700   6.52640E-17   9.99816E-01
  57   9.82240E-02    1.82570E-14   216.700   4.53920E-17   1.00002E+00
  58   9.15650E-02    1.28730E-14   216.700   3.27960E-17   1.00000E+00
  59   8.52090E-02    8.82990E-15   216.700   2.30630E-17   9.99697E-01
  60   7.91490E-02    6.57450E-15   216.700   1.76130E-17   1.00000E+00
  61   7.33810E-02    4.72010E-15   216.700   1.29780E-17   9.99923E-01
  62   6.78970E-02    3.42980E-15   216.700   9.68270E-18   1.00002E+00
  63   6.26920E-02    2.39360E-15   216.700   6.94310E-18   9.99870E-01
  64   5.77590E-02    1.72050E-15   216.700   5.13050E-18   1.00004E+00
  65   5.30910E-02    1.23930E-15   216.864   3.80180E-18   9.99790E-01
  66   4.86810E-02    9.99510E-16   217.355   3.15650E-18   9.99937E-01
  67   4.45230E-02    8.28080E-16   217.900   2.69410E-18   1.00000E+00
  68   4.06100E-02    7.08200E-16   218.491   2.37540E-18   1.00000E+00
  69   3.69350E-02    6.11100E-16   219.103   2.11490E-18   1.00000E+00
  70   3.34910E-02    5.25450E-16   219.737   1.87790E-18   1.00000E+00
  71   3.02700E-02    4.45050E-16   220.393   1.64410E-18   1.00000E+00
  72   2.72650E-02    3.65530E-16   221.073   1.39710E-18   1.00000E+00
  73   2.44680E-02    2.96320E-16   221.771   1.17300E-18   9.99915E-01
  74   2.18740E-02    2.45550E-16   222.480   1.00790E-18   1.00000E+00
  75   1.94720E-02    2.01150E-16   223.214   8.57080E-19   1.00001E+00
  76   1.72580E-02    1.62130E-16   223.980   7.18080E-19   1.00003E+00
  77   1.52210E-02    1.27730E-16   224.809   5.88840E-19   1.00003E+00
  78   1.33550E-02    9.80500E-17   225.679   4.71160E-19   1.00004E+00
  79   1.16530E-02    7.31810E-17   226.636   3.67160E-19   1.00003E+00
  80   1.01060E-02    5.37400E-17   227.853   2.81980E-19   1.00004E+00
  81   8.70620E-03    3.76760E-17   229.151   2.07160E-19   1.00005E+00
  82   7.44630E-03    2.49580E-17   231.163   1.44120E-19   1.00000E+00
  83   6.31830E-03    1.53620E-17   234.361   9.33610E-20   1.00006E+00
  84   5.31440E-03    8.76530E-18   237.751   5.61990E-20   9.99751E-01
  85   4.42680E-03    5.06480E-18   241.343   3.43650E-20   1.00006E+00
  86   3.64780E-03    2.66280E-18   245.224   1.91730E-20   1.00010E+00
  87   2.96970E-03    1.14760E-18   249.409   8.80130E-21   9.99875E-01
  88   2.38480E-03    4.48020E-19   253.939   3.67400E-21   1.00016E+00
  89   1.88550E-03    1.43660E-19   258.858   1.26550E-21   9.99053E-01
  90   1.46430E-03    4.92100E-20   264.213   4.68080E-22   9.99232E-01
  91   1.11390E-03    1.75090E-20   269.429   1.80810E-22   9.99945E-01
  92   8.26910E-04    6.93990E-21   270.403   7.83830E-23   9.99528E-01
  93   5.96370E-04    3.65180E-21   266.409   4.54540E-23   1.00009E+00
  94   4.15280E-04    2.02970E-21   260.486   2.81540E-23   9.99929E-01
  95   2.76900E-04    1.13640E-21   252.316   1.77770E-23   1.00006E+00
  96   1.74800E-04    6.07410E-22   243.031   1.08790E-23   9.99908E-01
  97   1.02710E-04    3.08920E-22   232.752   6.47880E-24   1.00009E+00
  98   5.47150E-05    1.44170E-22   221.308   3.63790E-24   1.00005E+00
  99   2.53190E-05    5.88330E-23   209.975   1.85950E-24   1.00011E+00
 100   9.36810E-06    1.91960E-23   198.141   8.15720E-25   1.00016E+00
