!  New ref profile : Gas 59 NumLayers =  100
!lay    press     partpress     temp     amount  ratio
!-------------------------------------------------------
   1   1.07120E+00    4.28480E-12   291.953   4.10720E-15   1.00002E+00
   2   1.04270E+00    4.17080E-12   290.487   4.05070E-15   1.00000E+00
   3   1.01460E+00    4.05840E-12   289.002   3.99380E-15   1.00000E+00
   4   9.86870E-01    3.94750E-12   287.497   3.93650E-15   1.00000E+00
   5   9.59550E-01    3.83830E-12   285.971   3.87900E-15   1.00000E+00
   6   9.32640E-01    3.73060E-12   284.425   3.82110E-15   1.00000E+00
   7   9.06120E-01    3.62450E-12   282.858   3.76300E-15   1.00000E+00
   8   8.80020E-01    3.52010E-12   281.282   3.70460E-15   1.00000E+00
   9   8.54320E-01    3.41730E-12   279.711   3.64600E-15   1.00000E+00
  10   8.29030E-01    3.31620E-12   278.119   3.58710E-15   1.00000E+00
  11   8.04150E-01    3.21670E-12   276.506   3.52810E-15   1.00000E+00
  12   7.79690E-01    3.11880E-12   274.878   3.46890E-15   1.00000E+00
  13   7.55630E-01    3.02260E-12   273.254   3.40950E-15   1.00000E+00
  14   7.31990E-01    2.92800E-12   271.609   3.35000E-15   1.00000E+00
  15   7.08770E-01    2.83510E-12   269.940   3.29030E-15   1.00000E+00
  16   6.85960E-01    2.74390E-12   268.258   3.23060E-15   1.00000E+00
  17   6.63570E-01    2.65430E-12   266.580   3.17090E-15   1.00003E+00
  18   6.41600E-01    2.56650E-12   264.877   3.11110E-15   1.00000E+00
  19   6.20050E-01    2.48020E-12   263.150   3.05130E-15   1.00000E+00
  20   5.98910E-01    2.39570E-12   261.416   2.99150E-15   1.00000E+00
  21   5.78190E-01    2.31280E-12   259.679   2.93180E-15   1.00000E+00
  22   5.57890E-01    2.23160E-12   257.915   2.87200E-15   1.00000E+00
  23   5.38010E-01    2.15210E-12   256.126   2.81230E-15   9.99964E-01
  24   5.18550E-01    2.07420E-12   254.341   2.75280E-15   1.00000E+00
  25   4.99500E-01    1.99800E-12   252.540   2.69340E-15   1.00000E+00
  26   4.80860E-01    1.92350E-12   250.711   2.63410E-15   1.00000E+00
  27   4.62650E-01    1.85060E-12   248.864   2.57490E-15   1.00000E+00
  28   4.44840E-01    1.77940E-12   247.021   2.51590E-15   1.00000E+00
  29   4.27450E-01    1.70990E-12   245.151   2.45710E-15   1.00000E+00
  30   4.10480E-01    1.64190E-12   243.251   2.39850E-15   1.00000E+00
  31   3.93910E-01    1.57570E-12   241.355   2.34010E-15   1.00000E+00
  32   3.77750E-01    1.51100E-12   239.444   2.28200E-15   1.00000E+00
  33   3.61990E-01    1.44800E-12   237.501   2.22420E-15   1.00000E+00
  34   3.46640E-01    1.38660E-12   235.543   2.16670E-15   1.00005E+00
  35   3.31700E-01    1.32680E-12   233.583   2.10940E-15   1.00000E+00
  36   3.17150E-01    1.26860E-12   231.590   2.05260E-15   1.00005E+00
  37   3.03000E-01    1.21200E-12   229.575   1.99600E-15   1.00000E+00
  38   2.89240E-01    1.15700E-12   227.590   1.93990E-15   1.00000E+00
  39   2.75880E-01    1.10360E-12   225.577   1.88420E-15   1.00000E+00
  40   2.62910E-01    1.05170E-12   223.529   1.82890E-15   1.00000E+00
  41   2.50320E-01    1.00130E-12   221.464   1.77410E-15   1.00000E+00
  42   2.38110E-01    9.52500E-13   219.365   1.71970E-15   1.00000E+00
  43   2.26290E-01    9.05180E-13   217.324   1.66590E-15   1.00000E+00
  44   2.14840E-01    8.59360E-13   216.773   1.61260E-15   1.00000E+00
  45   2.03760E-01    8.15040E-13   216.740   1.55980E-15   1.00000E+00
  46   1.93050E-01    7.71140E-13   216.707   1.50550E-15   1.00000E+00
  47   1.82700E-01    7.16670E-13   216.700   1.42780E-15   1.00000E+00
  48   1.72710E-01    6.61430E-13   216.700   1.34510E-15   1.00000E+00
  49   1.63080E-01    6.09230E-13   216.700   1.26510E-15   1.00000E+00
  50   1.53800E-01    5.60670E-13   216.700   1.18920E-15   1.00000E+00
  51   1.44860E-01    5.14840E-13   216.700   1.11580E-15   1.00000E+00
  52   1.36270E-01    4.71110E-13   216.700   1.04360E-15   1.00000E+00
  53   1.28010E-01    4.29320E-13   216.700   9.72450E-16   1.00000E+00
  54   1.20080E-01    3.90110E-13   216.700   9.03910E-16   1.00001E+00
  55   1.12480E-01    3.54010E-13   216.700   8.39410E-16   1.00000E+00
  56   1.05190E-01    3.20330E-13   216.700   7.77630E-16   1.00001E+00
  57   9.82240E-02    2.89540E-13   216.700   7.19880E-16   1.00000E+00
  58   9.15650E-02    2.61290E-13   216.700   6.65680E-16   9.99985E-01
  59   8.52090E-02    2.35210E-13   216.700   6.14350E-16   1.00000E+00
  60   7.91490E-02    2.11410E-13   216.700   5.66360E-16   1.00000E+00
  61   7.33810E-02    1.89650E-13   216.700   5.21420E-16   1.00000E+00
  62   6.78970E-02    1.70380E-13   216.700   4.81010E-16   1.00000E+00
  63   6.26920E-02    1.52540E-13   216.700   4.42460E-16   1.00002E+00
  64   5.77590E-02    1.36000E-13   216.700   4.05560E-16   1.00000E+00
  65   5.30910E-02    1.20140E-13   216.864   3.68570E-16   1.00003E+00
  66   4.86810E-02    1.04520E-13   217.355   3.30080E-16   1.00000E+00
  67   4.45230E-02    9.05110E-14   217.900   2.94470E-16   1.00000E+00
  68   4.06100E-02    7.80360E-14   218.491   2.61740E-16   1.00000E+00
  69   3.69350E-02    6.72010E-14   219.103   2.32560E-16   1.00000E+00
  70   3.34910E-02    5.76490E-14   219.737   2.06030E-16   9.99951E-01
  71   3.02700E-02    4.93230E-14   220.393   1.82210E-16   1.00000E+00
  72   2.72650E-02    4.23330E-14   221.073   1.61800E-16   1.00000E+00
  73   2.44680E-02    3.64010E-14   221.771   1.44100E-16   1.00000E+00
  74   2.18740E-02    3.13660E-14   222.480   1.28750E-16   1.00000E+00
  75   1.94720E-02    2.68510E-14   223.214   1.14410E-16   1.00000E+00
  76   1.72580E-02    2.28460E-14   223.980   1.01190E-16   1.00000E+00
  77   1.52210E-02    1.95000E-14   224.809   8.98910E-17   1.00001E+00
  78   1.33550E-02    1.65520E-14   225.679   7.95380E-17   1.00003E+00
  79   1.16530E-02    1.39340E-14   226.636   6.99060E-17   1.00001E+00
  80   1.01060E-02    1.16180E-14   227.853   6.09630E-17   1.00002E+00
  81   8.70620E-03    9.58950E-15   229.151   5.27270E-17   1.00002E+00
  82   7.44630E-03    7.80640E-15   231.163   4.50760E-17   1.00002E+00
  83   6.31830E-03    6.24630E-15   234.361   3.79610E-17   1.00005E+00
  84   5.31440E-03    4.91230E-15   237.751   3.14950E-17   1.00003E+00
  85   4.42680E-03    3.78160E-15   241.343   2.56580E-17   1.00004E+00
  86   3.64780E-03    2.86480E-15   245.224   2.06280E-17   1.00005E+00
  87   2.96970E-03    2.12720E-15   249.409   1.63140E-17   1.00006E+00
  88   2.38480E-03    1.53670E-15   253.939   1.26020E-17   1.00008E+00
  89   1.88550E-03    1.08330E-15   258.858   9.54290E-18   1.00001E+00
  90   1.46430E-03    7.54960E-16   264.213   7.18110E-18   1.00000E+00
  91   1.11390E-03    5.20470E-16   269.429   5.37480E-18   1.00004E+00
  92   8.26910E-04    3.53280E-16   270.403   3.99010E-18   1.00003E+00
  93   5.96370E-04    2.33280E-16   266.409   2.90370E-18   1.00007E+00
  94   4.15280E-04    1.46990E-16   260.486   2.03890E-18   1.00005E+00
  95   2.76900E-04    8.83200E-17   252.316   1.38160E-18   1.00007E+00
  96   1.74800E-04    4.96170E-17   243.031   8.88680E-19   1.00003E+00
  97   1.02710E-04    2.56390E-17   232.752   5.37720E-19   1.00011E+00
  98   5.47150E-05    1.18380E-17   221.308   2.98730E-19   1.00013E+00
  99   2.53190E-05    4.32270E-18   209.975   1.36630E-19   1.00139E+00
 100   9.36810E-06    2.39420E-19   198.141   1.01740E-20   9.93167E-01
