!  New ref profile : Gas  7 NumLayers =  100
!lay    press     partpress     temp     amount  ratio
!-------------------------------------------------------
   1   1.07120E+00    2.23880E-01   291.953   2.14600E-04   1.00000E+00
   2   1.04270E+00    2.17930E-01   290.487   2.11650E-04   1.00000E+00
   3   1.01460E+00    2.12050E-01   289.002   2.08680E-04   1.00000E+00
   4   9.86870E-01    2.06260E-01   287.497   2.05680E-04   1.00000E+00
   5   9.59550E-01    2.00550E-01   285.971   2.02680E-04   1.00000E+00
   6   9.32640E-01    1.94920E-01   284.425   1.99650E-04   1.00000E+00
   7   9.06120E-01    1.89380E-01   282.858   1.96620E-04   1.00005E+00
   8   8.80020E-01    1.83930E-01   281.282   1.93560E-04   1.00000E+00
   9   8.54320E-01    1.78550E-01   279.711   1.90500E-04   1.00000E+00
  10   8.29030E-01    1.73270E-01   278.119   1.87430E-04   1.00000E+00
  11   8.04150E-01    1.68070E-01   276.506   1.84340E-04   1.00000E+00
  12   7.79690E-01    1.62960E-01   274.878   1.81250E-04   1.00000E+00
  13   7.55630E-01    1.57930E-01   273.254   1.78150E-04   1.00000E+00
  14   7.31990E-01    1.52990E-01   271.609   1.75040E-04   1.00000E+00
  15   7.08770E-01    1.48140E-01   269.940   1.71920E-04   1.00000E+00
  16   6.85960E-01    1.43370E-01   268.258   1.68800E-04   1.00000E+00
  17   6.63570E-01    1.38690E-01   266.580   1.65680E-04   1.00000E+00
  18   6.41600E-01    1.34100E-01   264.877   1.62560E-04   1.00000E+00
  19   6.20050E-01    1.29590E-01   263.150   1.59430E-04   1.00000E+00
  20   5.98910E-01    1.25170E-01   261.416   1.56310E-04   1.00000E+00
  21   5.78190E-01    1.20840E-01   259.679   1.53190E-04   1.00007E+00
  22   5.57890E-01    1.16600E-01   257.915   1.50060E-04   1.00000E+00
  23   5.38010E-01    1.12450E-01   256.126   1.46940E-04   9.99932E-01
  24   5.18550E-01    1.08380E-01   254.341   1.43840E-04   1.00000E+00
  25   4.99500E-01    1.04400E-01   252.540   1.40730E-04   1.00000E+00
  26   4.80860E-01    1.00500E-01   250.711   1.37630E-04   1.00000E+00
  27   4.62650E-01    9.66950E-02   248.864   1.34540E-04   1.00000E+00
  28   4.44840E-01    9.29750E-02   247.021   1.31460E-04   1.00000E+00
  29   4.27450E-01    8.93400E-02   245.151   1.28380E-04   1.00000E+00
  30   4.10480E-01    8.57920E-02   243.251   1.25320E-04   1.00000E+00
  31   3.93910E-01    8.23290E-02   241.355   1.22270E-04   1.00000E+00
  32   3.77750E-01    7.89510E-02   239.444   1.19240E-04   1.00000E+00
  33   3.61990E-01    7.56590E-02   237.501   1.16210E-04   1.00000E+00
  34   3.46640E-01    7.24510E-02   235.543   1.13210E-04   1.00000E+00
  35   3.31700E-01    6.93270E-02   233.583   1.10220E-04   1.00000E+00
  36   3.17150E-01    6.62860E-02   231.590   1.07250E-04   1.00000E+00
  37   3.03000E-01    6.33290E-02   229.575   1.04290E-04   1.00000E+00
  38   2.89240E-01    6.04540E-02   227.590   1.01360E-04   1.00000E+00
  39   2.75880E-01    5.76610E-02   225.577   9.84490E-05   1.00001E+00
  40   2.62910E-01    5.49500E-02   223.529   9.55600E-05   1.00000E+00
  41   2.50320E-01    5.23190E-02   221.464   9.26960E-05   1.00000E+00
  42   2.38110E-01    4.97680E-02   219.365   8.98560E-05   1.00000E+00
  43   2.26290E-01    4.72960E-02   217.324   8.70440E-05   1.00001E+00
  44   2.14840E-01    4.49010E-02   216.773   8.42570E-05   1.00000E+00
  45   2.03760E-01    4.25860E-02   216.740   8.15000E-05   1.00001E+00
  46   1.93050E-01    4.03470E-02   216.707   7.87720E-05   1.00001E+00
  47   1.82700E-01    3.81840E-02   216.700   7.60750E-05   1.00001E+00
  48   1.72710E-01    3.60970E-02   216.700   7.34090E-05   1.00000E+00
  49   1.63080E-01    3.40840E-02   216.700   7.07770E-05   1.00000E+00
  50   1.53800E-01    3.21440E-02   216.700   6.81780E-05   1.00000E+00
  51   1.44860E-01    3.02760E-02   216.700   6.56160E-05   1.00000E+00
  52   1.36270E-01    2.84800E-02   216.700   6.30890E-05   1.00000E+00
  53   1.28010E-01    2.67530E-02   216.700   6.06000E-05   1.00002E+00
  54   1.20080E-01    2.50960E-02   216.700   5.81500E-05   1.00000E+00
  55   1.12480E-01    2.35070E-02   216.700   5.57390E-05   1.00000E+00
  56   1.05190E-01    2.19850E-02   216.700   5.33700E-05   1.00002E+00
  57   9.82240E-02    2.05290E-02   216.700   5.10410E-05   1.00000E+00
  58   9.15650E-02    1.91370E-02   216.700   4.87550E-05   1.00000E+00
  59   8.52090E-02    1.78090E-02   216.700   4.65150E-05   1.00002E+00
  60   7.91490E-02    1.65420E-02   216.700   4.43170E-05   1.00000E+00
  61   7.33810E-02    1.53370E-02   216.700   4.21670E-05   1.00002E+00
  62   6.78970E-02    1.41910E-02   216.700   4.00620E-05   1.00000E+00
  63   6.26920E-02    1.31030E-02   216.700   3.80060E-05   1.00000E+00
  64   5.77590E-02    1.20720E-02   216.700   3.59970E-05   1.00000E+00
  65   5.30910E-02    1.10960E-02   216.864   3.40390E-05   1.00000E+00
  66   4.86810E-02    1.01740E-02   217.355   3.21300E-05   1.00000E+00
  67   4.45230E-02    9.30520E-03   217.900   3.02740E-05   1.00003E+00
  68   4.06100E-02    8.48740E-03   218.491   2.84680E-05   1.00004E+00
  69   3.69350E-02    7.71930E-03   219.103   2.67140E-05   1.00000E+00
  70   3.34910E-02    6.99940E-03   219.737   2.50150E-05   1.00000E+00
  71   3.02700E-02    6.32620E-03   220.393   2.33700E-05   1.00000E+00
  72   2.72650E-02    5.69820E-03   221.073   2.17790E-05   1.00000E+00
  73   2.44680E-02    5.11370E-03   221.771   2.02430E-05   1.00000E+00
  74   2.18740E-02    4.57140E-03   222.480   1.87640E-05   1.00000E+00
  75   1.94720E-02    4.06960E-03   223.214   1.73410E-05   1.00006E+00
  76   1.72580E-02    3.60670E-03   223.980   1.59740E-05   1.00000E+00
  77   1.52210E-02    3.18110E-03   224.809   1.46640E-05   1.00000E+00
  78   1.33550E-02    2.79120E-03   225.679   1.34120E-05   1.00000E+00
  79   1.16530E-02    2.43530E-03   226.636   1.22180E-05   1.00000E+00
  80   1.01060E-02    2.11200E-03   227.853   1.10820E-05   1.00000E+00
  81   8.70620E-03    1.81950E-03   229.151   1.00040E-05   1.00000E+00
  82   7.44630E-03    1.55600E-03   231.163   8.98470E-06   1.00000E+00
  83   6.31830E-03    1.32030E-03   234.361   8.02360E-06   1.00002E+00
  84   5.31440E-03    1.11050E-03   237.751   7.11980E-06   1.00001E+00
  85   4.42680E-03    9.24980E-04   241.343   6.27600E-06   1.00003E+00
  86   3.64780E-03    7.62180E-04   245.224   5.48810E-06   1.00004E+00
  87   2.96970E-03    6.20470E-04   249.409   4.75850E-06   1.00002E+00
  88   2.38480E-03    4.98240E-04   253.939   4.08580E-06   1.00002E+00
  89   1.88550E-03    3.93900E-04   258.858   3.47000E-06   1.00003E+00
  90   1.46430E-03    3.05890E-04   264.213   2.90960E-06   1.00003E+00
  91   1.11390E-03    2.32710E-04   269.429   2.40320E-06   1.00004E+00
  92   8.26910E-04    1.72840E-04   270.403   1.95220E-06   1.00005E+00
  93   5.96370E-04    1.24710E-04   266.409   1.55230E-06   1.00006E+00
  94   4.15280E-04    8.68650E-05   260.486   1.20490E-06   1.00008E+00
  95   2.76900E-04    5.79430E-05   252.316   9.06410E-07   1.00004E+00
  96   1.74800E-04    3.65920E-05   243.031   6.55400E-07   1.00005E+00
  97   1.02710E-04    2.15140E-05   232.752   4.51210E-07   1.00004E+00
  98   5.47150E-05    1.14690E-05   221.308   2.89420E-07   1.00003E+00
  99   2.53190E-05    5.31210E-06   209.975   1.67890E-07   1.00006E+00
 100   9.36810E-06    1.95430E-06   198.141   8.30440E-08   1.00017E+00
