!  New ref profile : Gas  9 NumLayers =  100
!lay    press     partpress     temp     amount  ratio
!-------------------------------------------------------
   1   1.07120E+00    3.37440E-10   291.953   3.23450E-13   1.00000E+00
   2   1.04270E+00    3.22350E-10   290.487   3.13060E-13   1.00000E+00
   3   1.01460E+00    3.07630E-10   289.002   3.02740E-13   1.00000E+00
   4   9.86870E-01    2.93290E-10   287.497   2.92470E-13   1.00000E+00
   5   9.59550E-01    2.79320E-10   285.971   2.82280E-13   1.00000E+00
   6   9.32640E-01    2.65710E-10   284.425   2.72160E-13   1.00000E+00
   7   9.06120E-01    2.52480E-10   282.858   2.62120E-13   1.00000E+00
   8   8.80020E-01    2.38910E-10   281.282   2.51420E-13   1.00000E+00
   9   8.54320E-01    2.24150E-10   279.711   2.39150E-13   1.00000E+00
  10   8.29030E-01    2.09800E-10   278.119   2.26950E-13   1.00000E+00
  11   8.04150E-01    1.95920E-10   276.506   2.14890E-13   1.00000E+00
  12   7.79690E-01    1.82160E-10   274.878   2.02610E-13   1.00000E+00
  13   7.55630E-01    1.67930E-10   273.254   1.89420E-13   1.00000E+00
  14   7.31990E-01    1.54150E-10   271.609   1.76360E-13   1.00000E+00
  15   7.08770E-01    1.40890E-10   269.940   1.63510E-13   1.00000E+00
  16   6.85960E-01    1.28290E-10   268.258   1.51050E-13   1.00000E+00
  17   6.63570E-01    1.16560E-10   266.580   1.39240E-13   1.00000E+00
  18   6.41600E-01    1.05300E-10   264.877   1.27650E-13   1.00000E+00
  19   6.20050E-01    9.45160E-11   263.150   1.16280E-13   1.00000E+00
  20   5.98910E-01    8.54220E-11   261.416   1.06670E-13   1.00000E+00
  21   5.78190E-01    7.81370E-11   259.679   9.90490E-14   1.00001E+00
  22   5.57890E-01    7.11560E-11   257.915   9.15760E-14   1.00000E+00
  23   5.38010E-01    6.45100E-11   256.126   8.43020E-14   9.99976E-01
  24   5.18550E-01    5.89230E-11   254.341   7.82010E-14   1.00000E+00
  25   4.99500E-01    5.38670E-11   252.540   7.26140E-14   1.00000E+00
  26   4.80860E-01    4.90290E-11   250.711   6.71420E-14   1.00000E+00
  27   4.62650E-01    4.46320E-11   248.864   6.20990E-14   1.00000E+00
  28   4.44840E-01    4.10930E-11   247.021   5.81010E-14   1.00000E+00
  29   4.27450E-01    3.77520E-11   245.151   5.42500E-14   1.00000E+00
  30   4.10480E-01    3.45690E-11   243.251   5.04980E-14   1.00000E+00
  31   3.93910E-01    3.18070E-11   241.355   4.72380E-14   1.00002E+00
  32   3.77750E-01    2.92910E-11   239.444   4.42370E-14   1.00000E+00
  33   3.61990E-01    2.68900E-11   237.501   4.13040E-14   1.00000E+00
  34   3.46640E-01    2.47720E-11   235.543   3.87070E-14   9.99974E-01
  35   3.31700E-01    2.30480E-11   233.583   3.66420E-14   1.00000E+00
  36   3.17150E-01    2.14050E-11   231.590   3.46320E-14   1.00003E+00
  37   3.03000E-01    1.98640E-11   229.575   3.27120E-14   1.00000E+00
  38   2.89240E-01    1.85170E-11   227.590   3.10460E-14   9.99968E-01
  39   2.75880E-01    1.72450E-11   225.577   2.94440E-14   1.00000E+00
  40   2.62910E-01    1.60430E-11   223.529   2.79000E-14   1.00000E+00
  41   2.50320E-01    1.50150E-11   221.464   2.66030E-14   1.00000E+00
  42   2.38110E-01    1.40600E-11   219.365   2.53850E-14   1.00000E+00
  43   2.26290E-01    1.31490E-11   217.324   2.42000E-14   1.00004E+00
  44   2.14840E-01    1.23310E-11   216.773   2.31380E-14   1.00000E+00
  45   2.03760E-01    1.15640E-11   216.740   2.21320E-14   1.00005E+00
  46   1.93050E-01    1.08370E-11   216.707   2.11590E-14   1.00000E+00
  47   1.82700E-01    1.02260E-11   216.700   2.03730E-14   1.00000E+00
  48   1.72710E-01    9.66060E-12   216.700   1.96460E-14   1.00000E+00
  49   1.63080E-01    9.12140E-12   216.700   1.89410E-14   1.00000E+00
  50   1.53800E-01    8.62760E-12   216.700   1.82990E-14   1.00000E+00
  51   1.44860E-01    8.15380E-12   216.700   1.76720E-14   1.00006E+00
  52   1.36270E-01    7.71010E-12   216.700   1.70800E-14   1.00000E+00
  53   1.28010E-01    7.29870E-12   216.700   1.65320E-14   1.00000E+00
  54   1.20080E-01    6.89550E-12   216.700   1.59770E-14   1.00000E+00
  55   1.12480E-01    6.46730E-12   216.700   1.53350E-14   1.00000E+00
  56   1.05190E-01    6.04810E-12   216.700   1.46820E-14   1.00000E+00
  57   9.82240E-02    5.55500E-12   216.700   1.38110E-14   1.00000E+00
  58   9.15650E-02    5.02240E-12   216.700   1.27960E-14   1.00000E+00
  59   8.52090E-02    4.49610E-12   216.700   1.17430E-14   1.00000E+00
  60   7.91490E-02    3.95780E-12   216.700   1.06030E-14   1.00000E+00
  61   7.33810E-02    3.44000E-12   216.700   9.45800E-15   1.00004E+00
  62   6.78970E-02    2.91340E-12   216.700   8.22480E-15   1.00000E+00
  63   6.26920E-02    2.43420E-12   216.700   7.06080E-15   1.00000E+00
  64   5.77590E-02    2.00680E-12   216.700   5.98410E-15   1.00002E+00
  65   5.30910E-02    1.64690E-12   216.864   5.05210E-15   9.99960E-01
  66   4.86810E-02    1.36860E-12   217.355   4.32200E-15   1.00000E+00
  67   4.45230E-02    1.13660E-12   217.900   3.69780E-15   1.00000E+00
  68   4.06100E-02    9.45400E-13   218.491   3.17100E-15   9.99968E-01
  69   3.69350E-02    8.03070E-13   219.103   2.77920E-15   1.00000E+00
  70   3.34910E-02    6.85810E-13   219.737   2.45100E-15   9.99959E-01
  71   3.02700E-02    5.85840E-13   220.393   2.16420E-15   1.00000E+00
  72   2.72650E-02    4.98680E-13   221.073   1.90600E-15   1.00000E+00
  73   2.44680E-02    4.24860E-13   221.771   1.68190E-15   1.00000E+00
  74   2.18740E-02    3.65940E-13   222.480   1.50210E-15   1.00007E+00
  75   1.94720E-02    3.13260E-13   223.214   1.33480E-15   1.00000E+00
  76   1.72580E-02    2.66170E-13   223.980   1.17890E-15   1.00008E+00
  77   1.52210E-02    2.24540E-13   224.809   1.03510E-15   1.00000E+00
  78   1.33550E-02    1.87730E-13   225.679   9.02080E-16   1.00001E+00
  79   1.16530E-02    1.55930E-13   226.636   7.82340E-16   1.00001E+00
  80   1.01060E-02    1.30330E-13   227.853   6.83860E-16   1.00000E+00
  81   8.70620E-03    1.08080E-13   229.151   5.94290E-16   1.00002E+00
  82   7.44630E-03    8.94420E-14   231.163   5.16460E-16   9.99981E-01
  83   6.31830E-03    7.43160E-14   234.361   4.51640E-16   1.00002E+00
  84   5.31440E-03    6.21780E-14   237.751   3.98660E-16   9.99975E-01
  85   4.42680E-03    5.30220E-14   241.343   3.59750E-16   1.00000E+00
  86   3.64780E-03    4.58210E-14   245.224   3.29930E-16   1.00000E+00
  87   2.96970E-03    3.98970E-14   249.409   3.05970E-16   9.99967E-01
  88   2.38480E-03    3.59670E-14   253.939   2.94950E-16   1.00000E+00
  89   1.88550E-03    3.30530E-14   258.858   2.91180E-16   9.99931E-01
  90   1.46430E-03    3.11470E-14   264.213   2.96270E-16   9.99899E-01
  91   1.11390E-03    3.00190E-14   269.429   3.10000E-16   9.99968E-01
  92   8.26910E-04    2.82020E-14   270.403   3.18530E-16   1.00009E+00
  93   5.96370E-04    2.39060E-14   266.409   2.97560E-16   1.00000E+00
  94   4.15280E-04    1.89410E-14   260.486   2.62730E-16   1.00008E+00
  95   2.76900E-04    1.36800E-14   252.316   2.13990E-16   1.00000E+00
  96   1.74800E-04    8.99520E-15   243.031   1.61110E-16   1.00012E+00
  97   1.02710E-04    5.16640E-15   232.752   1.08350E-16   1.00009E+00
  98   5.47150E-05    2.39360E-15   221.308   6.04000E-17   1.00031E+00
  99   2.53190E-05    7.68500E-16   209.975   2.42890E-17   1.00037E+00
 100   9.36810E-06    1.31370E-16   198.141   5.58220E-18   1.00021E+00
