!  New ref profile : Gas  1 NumLayers =  100
!lay    press     partpress     temp     amount  ratio
!-------------------------------------------------------
   1   1.07120E+00    9.33180E-03   291.953   8.94480E-06   1.00000E+00
   2   1.04270E+00    8.68990E-03   290.487   8.43960E-06   1.00001E+00
   3   1.01460E+00    8.06750E-03   289.002   7.93920E-06   1.00001E+00
   4   9.86870E-01    7.46460E-03   287.497   7.44390E-06   1.00000E+00
   5   9.59550E-01    6.88110E-03   285.971   6.95410E-06   1.00000E+00
   6   9.32640E-01    6.31680E-03   284.425   6.47000E-06   1.00000E+00
   7   9.06120E-01    5.77150E-03   282.858   5.99190E-06   1.00002E+00
   8   8.80020E-01    5.26240E-03   281.282   5.53820E-06   1.00000E+00
   9   8.54320E-01    4.81010E-03   279.711   5.13200E-06   1.00000E+00
  10   8.29030E-01    4.37550E-03   278.119   4.73300E-06   1.00000E+00
  11   8.04150E-01    3.95670E-03   276.506   4.33980E-06   1.00000E+00
  12   7.79690E-01    3.55480E-03   274.878   3.95380E-06   1.00000E+00
  13   7.55630E-01    3.17160E-03   273.254   3.57760E-06   1.00000E+00
  14   7.31990E-01    2.80390E-03   271.609   3.20800E-06   1.00000E+00
  15   7.08770E-01    2.45120E-03   269.940   2.84480E-06   1.00000E+00
  16   6.85960E-01    2.13710E-03   268.258   2.51620E-06   9.99960E-01
  17   6.63570E-01    1.88990E-03   266.580   2.25760E-06   1.00000E+00
  18   6.41600E-01    1.65520E-03   264.877   2.00650E-06   1.00000E+00
  19   6.20050E-01    1.43090E-03   263.150   1.76030E-06   1.00000E+00
  20   5.98910E-01    1.23750E-03   261.416   1.54530E-06   9.99935E-01
  21   5.78190E-01    1.07710E-03   259.679   1.36530E-06   1.00000E+00
  22   5.57890E-01    9.24070E-04   257.915   1.18930E-06   1.00000E+00
  23   5.38010E-01    7.79940E-04   256.126   1.01920E-06   9.99902E-01
  24   5.18550E-01    6.73280E-04   254.341   8.93560E-07   1.00000E+00
  25   4.99500E-01    5.83300E-04   252.540   7.86300E-07   1.00001E+00
  26   4.80860E-01    4.97720E-04   250.711   6.81600E-07   1.00001E+00
  27   4.62650E-01    4.20470E-04   248.864   5.85030E-07   1.00000E+00
  28   4.44840E-01    3.58970E-04   247.021   5.07540E-07   1.00000E+00
  29   4.27450E-01    3.01460E-04   245.151   4.33210E-07   1.00002E+00
  30   4.10480E-01    2.47490E-04   243.251   3.61530E-07   9.99972E-01
  31   3.93910E-01    2.08590E-04   241.355   3.09780E-07   1.00000E+00
  32   3.77750E-01    1.77230E-04   239.444   2.67660E-07   1.00000E+00
  33   3.61990E-01    1.47630E-04   237.501   2.26760E-07   1.00000E+00
  34   3.46640E-01    1.19810E-04   235.543   1.87210E-07   1.00000E+00
  35   3.31700E-01    9.38080E-05   233.583   1.49140E-07   1.00000E+00
  36   3.17150E-01    6.94250E-05   231.590   1.12320E-07   1.00000E+00
  37   3.03000E-01    4.85020E-05   229.575   7.98750E-08   9.99787E-01
  38   2.89240E-01    3.73650E-05   227.590   6.26460E-08   9.99984E-01
  39   2.75880E-01    2.79730E-05   225.577   4.77600E-08   1.00002E+00
  40   2.62910E-01    1.95780E-05   223.529   3.40470E-08   9.99941E-01
  41   2.50320E-01    1.51210E-05   221.464   2.67900E-08   1.00000E+00
  42   2.38110E-01    1.17820E-05   219.365   2.12720E-08   1.00000E+00
  43   2.26290E-01    8.73660E-06   217.324   1.60790E-08   1.00000E+00
  44   2.14840E-01    6.78660E-06   216.773   1.27350E-08   1.00000E+00
  45   2.03760E-01    5.26440E-06   216.740   1.00750E-08   1.00000E+00
  46   1.93050E-01    3.89090E-06   216.707   7.59630E-09   9.99816E-01
  47   1.82700E-01    3.03620E-06   216.700   6.04890E-09   1.00000E+00
  48   1.72710E-01    2.36270E-06   216.700   4.80500E-09   1.00002E+00
  49   1.63080E-01    1.77240E-06   216.700   3.68050E-09   9.99891E-01
  50   1.53800E-01    1.37060E-06   216.700   2.90720E-09   1.00003E+00
  51   1.44860E-01    1.01920E-06   216.700   2.20890E-09   1.00000E+00
  52   1.36270E-01    7.87600E-07   216.700   1.74470E-09   9.99771E-01
  53   1.28010E-01    6.92000E-07   216.700   1.56750E-09   1.00006E+00
  54   1.20080E-01    6.03280E-07   216.700   1.39790E-09   1.00007E+00
  55   1.12480E-01    5.16850E-07   216.700   1.22550E-09   1.00000E+00
  56   1.05190E-01    4.36410E-07   216.700   1.05940E-09   9.99906E-01
  57   9.82240E-02    3.85540E-07   216.700   9.58570E-10   1.00001E+00
  58   9.15650E-02    3.55300E-07   216.700   9.05190E-10   1.00000E+00
  59   8.52090E-02    3.27760E-07   216.700   8.56080E-10   1.00001E+00
  60   7.91490E-02    3.03490E-07   216.700   8.13040E-10   1.00000E+00
  61   7.33810E-02    2.80950E-07   216.700   7.72450E-10   1.00001E+00
  62   6.78970E-02    2.60730E-07   216.700   7.36080E-10   1.00000E+00
  63   6.26920E-02    2.41750E-07   216.700   7.01220E-10   1.00000E+00
  64   5.77590E-02    2.24210E-07   216.700   6.68580E-10   1.00002E+00
  65   5.30910E-02    2.07750E-07   216.864   6.37330E-10   1.00000E+00
  66   4.86810E-02    1.92510E-07   217.355   6.07950E-10   9.99984E-01
  67   4.45230E-02    1.78180E-07   217.900   5.79700E-10   1.00002E+00
  68   4.06100E-02    1.64740E-07   218.491   5.52540E-10   1.00000E+00
  69   3.69350E-02    1.52650E-07   219.103   5.28270E-10   1.00000E+00
  70   3.34910E-02    1.41080E-07   219.737   5.04220E-10   1.00000E+00
  71   3.02700E-02    1.29540E-07   220.393   4.78540E-10   1.00000E+00
  72   2.72650E-02    1.18850E-07   221.073   4.54250E-10   1.00000E+00
  73   2.44680E-02    1.08500E-07   221.771   4.29500E-10   1.00002E+00
  74   2.18740E-02    9.79900E-08   222.480   4.02210E-10   1.00000E+00
  75   1.94720E-02    8.81260E-08   223.214   3.75510E-10   1.00003E+00
  76   1.72580E-02    7.89250E-08   223.980   3.49560E-10   1.00003E+00
  77   1.52210E-02    7.03720E-08   224.809   3.24410E-10   1.00000E+00
  78   1.33550E-02    6.24440E-08   225.679   3.00060E-10   1.00000E+00
  79   1.16530E-02    5.50740E-08   226.636   2.76310E-10   1.00000E+00
  80   1.01060E-02    4.81370E-08   227.853   2.52580E-10   1.00000E+00
  81   8.70620E-03    4.17930E-08   229.151   2.29800E-10   1.00004E+00
  82   7.44630E-03    3.60200E-08   231.163   2.07990E-10   1.00000E+00
  83   6.31830E-03    3.07970E-08   234.361   1.87160E-10   1.00000E+00
  84   5.31440E-03    2.60860E-08   237.751   1.67250E-10   1.00000E+00
  85   4.42680E-03    2.18540E-08   241.343   1.48280E-10   1.00007E+00
  86   3.64780E-03    1.81360E-08   245.224   1.30590E-10   1.00000E+00
  87   2.96970E-03    1.48930E-08   249.409   1.14210E-10   1.00000E+00
  88   2.38480E-03    1.21320E-08   253.939   9.94890E-11   1.00002E+00
  89   1.88550E-03    9.73680E-09   258.858   8.57750E-11   1.00003E+00
  90   1.46430E-03    7.64040E-09   264.213   7.26750E-11   1.00003E+00
  91   1.11390E-03    5.83870E-09   269.429   6.02950E-11   1.00002E+00
  92   8.26910E-04    4.32290E-09   270.403   4.88250E-11   1.00004E+00
  93   5.96370E-04    3.08540E-09   266.409   3.84040E-11   1.00003E+00
  94   4.15280E-04    2.11260E-09   260.486   2.93030E-11   1.00007E+00
  95   2.76900E-04    1.35430E-09   252.316   2.11850E-11   1.00005E+00
  96   1.74800E-04    8.03700E-10   243.031   1.43950E-11   1.00014E+00
  97   1.02710E-04    4.28230E-10   232.752   8.98110E-12   1.00010E+00
  98   5.47150E-05    1.96480E-10   221.308   4.95800E-12   1.00012E+00
  99   2.53190E-05    7.38370E-11   209.975   2.33370E-12   1.00026E+00
 100   9.36810E-06    1.90650E-11   198.141   8.10170E-13   1.00048E+00
