!  New ref profile : Gas 15 NumLayers =  100
!lay    press     partpress     temp     amount  ratio
!-------------------------------------------------------
   1   1.07120E+00    1.22640E-09   291.953   1.17560E-12   1.00000E+00
   2   1.04270E+00    1.13480E-09   290.487   1.10210E-12   1.00000E+00
   3   1.01460E+00    1.04600E-09   289.002   1.02940E-12   1.00000E+00
   4   9.86870E-01    9.60080E-10   287.497   9.57410E-13   1.00000E+00
   5   9.59550E-01    8.76990E-10   285.971   8.86290E-13   1.00000E+00
   6   9.32640E-01    7.96710E-10   284.425   8.16040E-13   1.00001E+00
   7   9.06120E-01    7.19230E-10   282.858   7.46690E-13   1.00000E+00
   8   8.80020E-01    6.48850E-10   281.282   6.82850E-13   9.99971E-01
   9   8.54320E-01    5.90740E-10   279.711   6.30270E-13   1.00002E+00
  10   8.29030E-01    5.35100E-10   278.119   5.78820E-13   1.00000E+00
  11   8.04150E-01    4.81500E-10   276.506   5.28120E-13   1.00000E+00
  12   7.79690E-01    4.32480E-10   274.878   4.81020E-13   1.00000E+00
  13   7.55630E-01    3.92480E-10   273.254   4.42720E-13   1.00002E+00
  14   7.31990E-01    3.54440E-10   271.609   4.05520E-13   1.00000E+00
  15   7.08770E-01    3.17900E-10   269.940   3.68930E-13   1.00000E+00
  16   6.85960E-01    2.84860E-10   268.258   3.35380E-13   9.99970E-01
  17   6.63570E-01    2.57740E-10   266.580   3.07890E-13   1.00000E+00
  18   6.41600E-01    2.31900E-10   264.877   2.81110E-13   1.00000E+00
  19   6.20050E-01    2.07130E-10   263.150   2.54820E-13   1.00000E+00
  20   5.98910E-01    1.85280E-10   261.416   2.31360E-13   1.00000E+00
  21   5.78190E-01    1.66500E-10   259.679   2.11060E-13   1.00000E+00
  22   5.57890E-01    1.48550E-10   257.915   1.91180E-13   1.00000E+00
  23   5.38010E-01    1.31510E-10   256.126   1.71860E-13   1.00000E+00
  24   5.18550E-01    1.17430E-10   254.341   1.55850E-13   1.00000E+00
  25   4.99500E-01    1.04810E-10   252.540   1.41290E-13   1.00000E+00
  26   4.80860E-01    9.27840E-11   250.711   1.27060E-13   1.00000E+00
  27   4.62650E-01    8.17770E-11   248.864   1.13780E-13   1.00000E+00
  28   4.44840E-01    7.26200E-11   247.021   1.02680E-13   1.00000E+00
  29   4.27450E-01    6.39990E-11   245.151   9.19690E-14   1.00001E+00
  30   4.10480E-01    5.58580E-11   243.251   8.15960E-14   9.99988E-01
  31   3.93910E-01    4.93560E-11   241.355   7.33010E-14   1.00000E+00
  32   3.77750E-01    4.37330E-11   239.444   6.60480E-14   1.00000E+00
  33   3.61990E-01    3.84040E-11   237.501   5.89890E-14   1.00000E+00
  34   3.46640E-01    3.36680E-11   235.543   5.26080E-14   9.99981E-01
  35   3.31700E-01    2.97260E-11   233.583   4.72590E-14   1.00000E+00
  36   3.17150E-01    2.60110E-11   231.590   4.20830E-14   1.00002E+00
  37   3.03000E-01    2.26170E-11   229.575   3.72460E-14   9.99973E-01
  38   2.89240E-01    1.99200E-11   227.590   3.33980E-14   1.00000E+00
  39   2.75880E-01    1.74380E-11   225.577   2.97720E-14   1.00000E+00
  40   2.62910E-01    1.51500E-11   223.529   2.63460E-14   1.00000E+00
  41   2.50320E-01    1.34480E-11   221.464   2.38260E-14   1.00000E+00
  42   2.38110E-01    1.19540E-11   219.365   2.15830E-14   1.00000E+00
  43   2.26290E-01    1.05790E-11   217.324   1.94690E-14   1.00000E+00
  44   2.14840E-01    9.72970E-12   216.773   1.82580E-14   1.00000E+00
  45   2.03760E-01    9.06990E-12   216.740   1.73580E-14   1.00000E+00
  46   1.93050E-01    8.53690E-12   216.707   1.66670E-14   9.99760E-01
  47   1.82700E-01    9.13400E-12   216.700   1.81980E-14   1.00000E+00
  48   1.72710E-01    9.96360E-12   216.700   2.02630E-14   1.00000E+00
  49   1.63080E-01    1.08230E-11   216.700   2.24740E-14   9.99911E-01
  50   1.53800E-01    1.21860E-11   216.700   2.58470E-14   1.00000E+00
  51   1.44860E-01    1.34600E-11   216.700   2.91700E-14   1.00000E+00
  52   1.36270E-01    1.51540E-11   216.700   3.35690E-14   9.99911E-01
  53   1.28010E-01    1.73900E-11   216.700   3.93900E-14   1.00000E+00
  54   1.20080E-01    1.93960E-11   216.700   4.49420E-14   9.99956E-01
  55   1.12480E-01    2.15420E-11   216.700   5.10790E-14   1.00000E+00
  56   1.05190E-01    2.34650E-11   216.700   5.69620E-14   1.00000E+00
  57   9.82240E-02    2.51370E-11   216.700   6.24970E-14   1.00000E+00
  58   9.15650E-02    2.65520E-11   216.700   6.76470E-14   9.99985E-01
  59   8.52090E-02    2.76270E-11   216.700   7.21590E-14   1.00001E+00
  60   7.91490E-02    2.83430E-11   216.700   7.59330E-14   1.00000E+00
  61   7.33810E-02    2.86860E-11   216.700   7.88700E-14   1.00004E+00
  62   6.78970E-02    2.84780E-11   216.700   8.03960E-14   1.00000E+00
  63   6.26920E-02    2.80290E-11   216.700   8.13010E-14   1.00001E+00
  64   5.77590E-02    2.72540E-11   216.700   8.12720E-14   1.00001E+00
  65   5.30910E-02    2.62580E-11   216.864   8.05540E-14   1.00001E+00
  66   4.86810E-02    2.49740E-11   217.355   7.88700E-14   1.00001E+00
  67   4.45230E-02    2.36020E-11   217.900   7.67870E-14   1.00001E+00
  68   4.06100E-02    2.21740E-11   218.491   7.43740E-14   1.00000E+00
  69   3.69350E-02    2.07600E-11   219.103   7.18450E-14   9.99986E-01
  70   3.34910E-02    1.93920E-11   219.737   6.93060E-14   1.00000E+00
  71   3.02700E-02    1.81070E-11   220.393   6.68920E-14   1.00000E+00
  72   2.72650E-02    1.70730E-11   221.073   6.52570E-14   1.00000E+00
  73   2.44680E-02    1.61000E-11   221.771   6.37350E-14   1.00002E+00
  74   2.18740E-02    1.50410E-11   222.480   6.17380E-14   1.00002E+00
  75   1.94720E-02    1.39850E-11   223.214   5.95910E-14   1.00000E+00
  76   1.72580E-02    1.30280E-11   223.980   5.77020E-14   9.99948E-01
  77   1.52210E-02    1.25980E-11   224.809   5.80780E-14   1.00002E+00
  78   1.33550E-02    1.21550E-11   225.679   5.84080E-14   1.00000E+00
  79   1.16530E-02    1.16340E-11   226.636   5.83700E-14   9.99983E-01
  80   1.01060E-02    1.11240E-11   227.853   5.83700E-14   1.00000E+00
  81   8.70620E-03    1.05260E-11   229.151   5.78780E-14   1.00000E+00
  82   7.44630E-03    9.91270E-12   231.163   5.72390E-14   9.99982E-01
  83   6.31830E-03    9.31500E-12   234.361   5.66100E-14   1.00000E+00
  84   5.31440E-03    8.46220E-12   237.751   5.42560E-14   1.00006E+00
  85   4.42680E-03    7.34940E-12   241.343   4.98660E-14   1.00002E+00
  86   3.64780E-03    6.21960E-12   245.224   4.47840E-14   1.00002E+00
  87   2.96970E-03    5.14420E-12   249.409   3.94510E-14   1.00000E+00
  88   2.38480E-03    4.17250E-12   253.939   3.42160E-14   1.00000E+00
  89   1.88550E-03    3.33010E-12   258.858   2.93360E-14   1.00003E+00
  90   1.46430E-03    2.61710E-12   264.213   2.48940E-14   1.00004E+00
  91   1.11390E-03    2.00220E-12   269.429   2.06760E-14   1.00005E+00
  92   8.26910E-04    1.48860E-12   270.403   1.68130E-14   1.00000E+00
  93   5.96370E-04    1.07410E-12   266.409   1.33690E-14   1.00007E+00
  94   4.15280E-04    7.48120E-13   260.486   1.03770E-14   1.00000E+00
  95   2.76900E-04    4.99030E-13   252.316   7.80640E-15   1.00004E+00
  96   1.74800E-04    3.15150E-13   243.031   5.64460E-15   1.00004E+00
  97   1.02710E-04    1.85290E-13   232.752   3.88600E-15   1.00005E+00
  98   5.47150E-05    9.87800E-14   221.308   2.49260E-15   1.00004E+00
  99   2.53190E-05    4.57500E-14   209.975   1.44600E-15   1.00007E+00
 100   9.36810E-06    1.69690E-14   198.141   7.21070E-16   1.00007E+00
