!  New ref profile : Gas 51 NumLayers =  100
!lay    press     partpress     temp     amount  ratio
!-------------------------------------------------------
   1   1.07120E+00    2.84940E-10   291.953   2.73130E-13   1.00004E+00
   2   1.04270E+00    2.77360E-10   290.487   2.69370E-13   1.00000E+00
   3   1.01460E+00    2.69880E-10   289.002   2.65590E-13   1.00000E+00
   4   9.86870E-01    2.62510E-10   287.497   2.61780E-13   1.00000E+00
   5   9.59550E-01    2.55240E-10   285.971   2.57950E-13   1.00000E+00
   6   9.32640E-01    2.48090E-10   284.425   2.54100E-13   1.00000E+00
   7   9.06120E-01    2.41030E-10   282.858   2.50240E-13   1.00000E+00
   8   8.80020E-01    2.34080E-10   281.282   2.46340E-13   1.00000E+00
   9   8.54320E-01    2.27200E-10   279.711   2.42400E-13   1.00000E+00
  10   8.29030E-01    2.20440E-10   278.119   2.38450E-13   1.00000E+00
  11   8.04150E-01    2.13790E-10   276.506   2.34480E-13   1.00000E+00
  12   7.79690E-01    2.07250E-10   274.878   2.30520E-13   1.00000E+00
  13   7.55630E-01    2.00860E-10   273.254   2.26570E-13   1.00000E+00
  14   7.31990E-01    1.94570E-10   271.609   2.22610E-13   1.00000E+00
  15   7.08770E-01    1.88400E-10   269.940   2.18650E-13   1.00000E+00
  16   6.85960E-01    1.82330E-10   268.258   2.14670E-13   1.00000E+00
  17   6.63570E-01    1.76350E-10   266.580   2.10660E-13   1.00000E+00
  18   6.41600E-01    1.70480E-10   264.877   2.06650E-13   1.00000E+00
  19   6.20050E-01    1.64720E-10   263.150   2.02640E-13   1.00000E+00
  20   5.98910E-01    1.59070E-10   261.416   1.98630E-13   1.00000E+00
  21   5.78190E-01    1.53540E-10   259.679   1.94630E-13   1.00000E+00
  22   5.57890E-01    1.48120E-10   257.915   1.90630E-13   1.00000E+00
  23   5.38010E-01    1.42810E-10   256.126   1.86630E-13   1.00000E+00
  24   5.18550E-01    1.37620E-10   254.341   1.82640E-13   1.00000E+00
  25   4.99500E-01    1.32540E-10   252.540   1.78670E-13   1.00006E+00
  26   4.80860E-01    1.27570E-10   250.711   1.74700E-13   1.00000E+00
  27   4.62650E-01    1.22720E-10   248.864   1.70740E-13   1.00000E+00
  28   4.44840E-01    1.17990E-10   247.021   1.66830E-13   1.00000E+00
  29   4.27450E-01    1.13380E-10   245.151   1.62930E-13   1.00000E+00
  30   4.10480E-01    1.08880E-10   243.251   1.59040E-13   1.00000E+00
  31   3.93910E-01    1.04470E-10   241.355   1.55150E-13   1.00000E+00
  32   3.77750E-01    1.00160E-10   239.444   1.51270E-13   1.00000E+00
  33   3.61990E-01    9.59630E-11   237.501   1.47400E-13   1.00000E+00
  34   3.46640E-01    9.18740E-11   235.543   1.43560E-13   1.00000E+00
  35   3.31700E-01    8.78940E-11   233.583   1.39730E-13   1.00000E+00
  36   3.17150E-01    8.40200E-11   231.590   1.35940E-13   1.00000E+00
  37   3.03000E-01    8.02510E-11   229.575   1.32160E-13   1.00000E+00
  38   2.89240E-01    7.65760E-11   227.590   1.28390E-13   1.00000E+00
  39   2.75880E-01    7.30050E-11   225.577   1.24650E-13   1.00000E+00
  40   2.62910E-01    6.95390E-11   223.529   1.20930E-13   1.00000E+00
  41   2.50320E-01    6.61670E-11   221.464   1.17230E-13   1.00000E+00
  42   2.38110E-01    6.28970E-11   219.365   1.13560E-13   1.00000E+00
  43   2.26290E-01    5.97300E-11   217.324   1.09930E-13   1.00000E+00
  44   2.14840E-01    5.66660E-11   216.773   1.06330E-13   1.00000E+00
  45   2.03760E-01    5.37040E-11   216.740   1.02780E-13   1.00000E+00
  46   1.93050E-01    5.08320E-11   216.707   9.92410E-14   1.00001E+00
  47   1.82700E-01    4.79270E-11   216.700   9.54840E-14   1.00001E+00
  48   1.72710E-01    4.50950E-11   216.700   9.17080E-14   1.00000E+00
  49   1.63080E-01    4.23750E-11   216.700   8.79940E-14   1.00001E+00
  50   1.53800E-01    3.97570E-11   216.700   8.43250E-14   1.00001E+00
  51   1.44860E-01    3.72470E-11   216.700   8.07240E-14   1.00000E+00
  52   1.36270E-01    3.46830E-11   216.700   7.68310E-14   1.00001E+00
  53   1.28010E-01    3.20300E-11   216.700   7.25520E-14   1.00000E+00
  54   1.20080E-01    2.95160E-11   216.700   6.83910E-14   1.00000E+00
  55   1.12480E-01    2.71320E-11   216.700   6.43350E-14   1.00000E+00
  56   1.05190E-01    2.48810E-11   216.700   6.04000E-14   1.00003E+00
  57   9.82240E-02    2.25840E-11   216.700   5.61500E-14   1.00000E+00
  58   9.15650E-02    2.03040E-11   216.700   5.17280E-14   1.00000E+00
  59   8.52090E-02    1.81780E-11   216.700   4.74800E-14   1.00002E+00
  60   7.91490E-02    1.62000E-11   216.700   4.34000E-14   1.00000E+00
  61   7.33810E-02    1.43270E-11   216.700   3.93920E-14   1.00005E+00
  62   6.78970E-02    1.24990E-11   216.700   3.52870E-14   1.00000E+00
  63   6.26920E-02    1.08170E-11   216.700   3.13780E-14   1.00003E+00
  64   5.77590E-02    9.28050E-12   216.700   2.76740E-14   1.00000E+00
  65   5.30910E-02    7.87660E-12   216.864   2.41630E-14   1.00000E+00
  66   4.86810E-02    6.59570E-12   217.355   2.08290E-14   1.00000E+00
  67   4.45230E-02    5.44070E-12   217.900   1.77010E-14   1.00000E+00
  68   4.06100E-02    4.40810E-12   218.491   1.47850E-14   1.00000E+00
  69   3.69350E-02    3.52590E-12   219.103   1.22020E-14   1.00000E+00
  70   3.34910E-02    2.75540E-12   219.737   9.84750E-15   1.00001E+00
  71   3.02700E-02    2.07860E-12   220.393   7.67890E-15   1.00001E+00
  72   2.72650E-02    1.54870E-12   221.073   5.91930E-15   1.00002E+00
  73   2.44680E-02    1.13460E-12   221.771   4.49150E-15   9.99955E-01
  74   2.18740E-02    8.18080E-13   222.480   3.35800E-15   1.00003E+00
  75   1.94720E-02    5.48770E-13   223.214   2.33830E-15   1.00004E+00
  76   1.72580E-02    3.31180E-13   223.980   1.46680E-15   9.99864E-01
  77   1.52210E-02    2.11260E-13   224.809   9.73870E-16   1.00005E+00
  78   1.33550E-02    1.21880E-13   225.679   5.85690E-16   1.00007E+00
  79   1.16530E-02    5.63820E-14   226.636   2.82870E-16   9.99929E-01
  80   1.01060E-02    3.28750E-14   227.853   1.72500E-16   1.00006E+00
  81   8.70620E-03    1.67530E-14   229.151   9.21170E-17   1.00010E+00
  82   7.44630E-03    6.78080E-15   231.163   3.91540E-17   9.99183E-01
  83   6.31830E-03    3.01730E-15   234.361   1.83370E-17   1.00011E+00
  84   5.31440E-03    8.80220E-16   237.751   5.64360E-18   9.97843E-01
  85   4.42680E-03    3.11670E-16   241.343   2.11460E-18   9.99953E-01
  86   3.64780E-03    7.97650E-17   245.224   5.74340E-19   1.00012E+00
  87   2.96970E-03    2.28060E-17   249.409   1.74900E-19   9.99486E-01
  88   2.38480E-03    5.16350E-18   253.939   4.23430E-20   1.00019E+00
  89   1.88550E-03    1.17860E-18   258.858   1.03830E-20   9.98077E-01
  90   1.46430E-03    2.79150E-19   264.213   2.65530E-21   9.98383E-01
  91   1.11390E-03    5.57870E-20   269.429   5.76100E-22   9.99740E-01
  92   8.26910E-04    9.93490E-21   270.403   1.12210E-22   9.98487E-01
  93   5.96370E-04    2.55470E-21   266.409   3.17980E-23   1.00025E+00
  94   4.15280E-04    4.92260E-22   260.486   6.82810E-24   9.97312E-01
  95   2.76900E-04    9.58960E-23   252.316   1.50010E-24   1.00047E+00
  96   1.74800E-04    8.64360E-24   243.031   1.54810E-25   9.85298E-01
  97   1.02710E-04    1.06810E-24   232.752   2.24010E-26   1.00045E+00
  98   5.47150E-05    8.16600E-26   221.308   2.06060E-27   9.97579E-01
  99   2.53190E-05    3.14150E-27   209.975   9.92910E-29   9.98160E-01
 100   9.36810E-06    6.86960E-29   198.141   2.91920E-30   9.95600E-01
