!  New ref profile : Gas 19 NumLayers =  100
!lay    press     partpress     temp     amount  ratio
!-------------------------------------------------------
   1   1.07120E+00    6.48910E-10   291.953   6.22000E-13   1.00000E+00
   2   1.04270E+00    6.29290E-10   290.487   6.11160E-13   1.00000E+00
   3   1.01460E+00    6.10010E-10   289.002   6.00300E-13   1.00000E+00
   4   9.86870E-01    5.91060E-10   287.497   5.89420E-13   1.00000E+00
   5   9.59550E-01    5.72450E-10   285.971   5.78530E-13   1.00002E+00
   6   9.32640E-01    5.54180E-10   284.425   5.67620E-13   1.00000E+00
   7   9.06120E-01    5.36240E-10   282.858   5.56710E-13   1.00000E+00
   8   8.80020E-01    5.18650E-10   281.282   5.45830E-13   1.00000E+00
   9   8.54320E-01    5.01440E-10   279.711   5.34990E-13   1.00000E+00
  10   8.29030E-01    4.84570E-10   278.119   5.24160E-13   1.00000E+00
  11   8.04150E-01    4.68030E-10   276.506   5.13350E-13   1.00000E+00
  12   7.79690E-01    4.51840E-10   274.878   5.02560E-13   1.00000E+00
  13   7.55630E-01    4.36010E-10   273.254   4.91820E-13   1.00000E+00
  14   7.31990E-01    4.20520E-10   271.609   4.81120E-13   1.00000E+00
  15   7.08770E-01    4.05360E-10   269.940   4.70440E-13   1.00002E+00
  16   6.85960E-01    3.90640E-10   268.258   4.59930E-13   1.00000E+00
  17   6.63570E-01    3.76510E-10   266.580   4.49780E-13   1.00000E+00
  18   6.41600E-01    3.62700E-10   264.877   4.39670E-13   1.00000E+00
  19   6.20050E-01    3.49200E-10   263.150   4.29600E-13   1.00000E+00
  20   5.98910E-01    3.36090E-10   261.416   4.19670E-13   1.00000E+00
  21   5.78190E-01    3.23380E-10   259.679   4.09920E-13   1.00000E+00
  22   5.57890E-01    3.10970E-10   257.915   4.00210E-13   1.00000E+00
  23   5.38010E-01    2.98850E-10   256.126   3.90530E-13   9.99974E-01
  24   5.18550E-01    2.87040E-10   254.341   3.80950E-13   1.00000E+00
  25   4.99500E-01    2.75530E-10   252.540   3.71420E-13   1.00000E+00
  26   4.80860E-01    2.64300E-10   250.711   3.61940E-13   1.00000E+00
  27   4.62650E-01    2.53340E-10   248.864   3.52490E-13   1.00000E+00
  28   4.44840E-01    2.42590E-10   247.021   3.42990E-13   1.00000E+00
  29   4.27450E-01    2.32120E-10   245.151   3.33560E-13   1.00000E+00
  30   4.10480E-01    2.21940E-10   243.251   3.24200E-13   1.00000E+00
  31   3.93910E-01    2.12060E-10   241.355   3.14950E-13   1.00000E+00
  32   3.77750E-01    2.02470E-10   239.444   3.05790E-13   1.00000E+00
  33   3.61990E-01    1.93170E-10   237.501   2.96710E-13   1.00000E+00
  34   3.46640E-01    1.84180E-10   235.543   2.87780E-13   1.00000E+00
  35   3.31700E-01    1.75530E-10   233.583   2.79060E-13   1.00000E+00
  36   3.17150E-01    1.67150E-10   231.590   2.70440E-13   1.00000E+00
  37   3.03000E-01    1.59040E-10   229.575   2.61910E-13   1.00004E+00
  38   2.89240E-01    1.51190E-10   227.590   2.53490E-13   1.00000E+00
  39   2.75880E-01    1.43600E-10   225.577   2.45170E-13   1.00000E+00
  40   2.62910E-01    1.36250E-10   223.529   2.36940E-13   1.00000E+00
  41   2.50320E-01    1.29030E-10   221.464   2.28620E-13   1.00000E+00
  42   2.38110E-01    1.22050E-10   219.365   2.20360E-13   1.00000E+00
  43   2.26290E-01    1.15310E-10   217.324   2.12220E-13   1.00000E+00
  44   2.14840E-01    1.08720E-10   216.773   2.04020E-13   1.00000E+00
  45   2.03760E-01    1.02360E-10   216.740   1.95900E-13   1.00000E+00
  46   1.93050E-01    9.62310E-11   216.707   1.87880E-13   1.00005E+00
  47   1.82700E-01    9.01150E-11   216.700   1.79540E-13   1.00000E+00
  48   1.72710E-01    8.42000E-11   216.700   1.71230E-13   1.00000E+00
  49   1.63080E-01    7.84950E-11   216.700   1.63000E-13   1.00000E+00
  50   1.53800E-01    7.27990E-11   216.700   1.54410E-13   1.00000E+00
  51   1.44860E-01    6.73540E-11   216.700   1.45970E-13   1.00000E+00
  52   1.36270E-01    6.19200E-11   216.700   1.37170E-13   1.00000E+00
  53   1.28010E-01    5.64370E-11   216.700   1.27840E-13   1.00000E+00
  54   1.20080E-01    5.12620E-11   216.700   1.18780E-13   1.00000E+00
  55   1.12480E-01    4.62670E-11   216.700   1.09700E-13   1.00000E+00
  56   1.05190E-01    4.15670E-11   216.700   1.00910E-13   1.00010E+00
  57   9.82240E-02    3.71330E-11   216.700   9.23240E-14   1.00000E+00
  58   9.15650E-02    3.29740E-11   216.700   8.40070E-14   1.00000E+00
  59   8.52090E-02    2.91340E-11   216.700   7.60950E-14   1.00001E+00
  60   7.91490E-02    2.56100E-11   216.700   6.86110E-14   1.00001E+00
  61   7.33810E-02    2.24010E-11   216.700   6.15900E-14   1.00002E+00
  62   6.78970E-02    1.95450E-11   216.700   5.51780E-14   1.00000E+00
  63   6.26920E-02    1.69470E-11   216.700   4.91580E-14   1.00000E+00
  64   5.77590E-02    1.46150E-11   216.700   4.35810E-14   1.00002E+00
  65   5.30910E-02    1.25490E-11   216.864   3.84960E-14   1.00000E+00
  66   4.86810E-02    1.07750E-11   217.355   3.40270E-14   1.00000E+00
  67   4.45230E-02    9.18010E-12   217.900   2.98670E-14   1.00003E+00
  68   4.06100E-02    7.75200E-12   218.491   2.60010E-14   1.00000E+00
  69   3.69350E-02    6.49750E-12   219.103   2.24860E-14   1.00000E+00
  70   3.34910E-02    5.36610E-12   219.737   1.91780E-14   1.00000E+00
  71   3.02700E-02    4.31540E-12   220.393   1.59420E-14   1.00000E+00
  72   2.72650E-02    3.36130E-12   221.073   1.28470E-14   1.00000E+00
  73   2.44680E-02    2.57740E-12   221.771   1.02030E-14   9.99902E-01
  74   2.18740E-02    2.03360E-12   222.480   8.34720E-15   1.00001E+00
  75   1.94720E-02    1.56620E-12   223.214   6.67370E-15   1.00003E+00
  76   1.72580E-02    1.16530E-12   223.980   5.16120E-15   1.00002E+00
  77   1.52210E-02    8.35460E-13   224.809   3.85140E-15   1.00003E+00
  78   1.33550E-02    5.59350E-13   225.679   2.68780E-15   1.00004E+00
  79   1.16530E-02    3.45870E-13   226.636   1.73530E-15   1.00000E+00
  80   1.01060E-02    2.30770E-13   227.853   1.21090E-15   1.00008E+00
  81   8.70620E-03    1.42300E-13   229.151   7.82450E-16   1.00006E+00
  82   7.44630E-03    8.00140E-14   231.163   4.62020E-16   9.99805E-01
  83   6.31830E-03    4.34150E-14   234.361   2.63850E-16   1.00011E+00
  84   5.31440E-03    2.02110E-14   237.751   1.29590E-16   9.99383E-01
  85   4.42680E-03    1.00200E-14   241.343   6.79890E-17   1.00003E+00
  86   3.64780E-03    4.78510E-15   245.224   3.44550E-17   1.00009E+00
  87   2.96970E-03    2.40090E-15   249.409   1.84130E-17   9.99891E-01
  88   2.38480E-03    1.31110E-15   253.939   1.07510E-17   1.00000E+00
  89   1.88550E-03    7.80230E-16   258.858   6.87320E-18   9.99869E-01
  90   1.46430E-03    4.94820E-16   264.213   4.70670E-18   9.99957E-01
  91   1.11390E-03    3.20540E-16   269.429   3.31010E-18   1.00003E+00
  92   8.26910E-04    2.10000E-16   270.403   2.37190E-18   9.99958E-01
  93   5.96370E-04    1.42470E-16   266.409   1.77330E-18   1.00006E+00
  94   4.15280E-04    9.49610E-17   260.486   1.31720E-18   1.00000E+00
  95   2.76900E-04    6.11650E-17   252.316   9.56810E-19   1.00004E+00
  96   1.74800E-04    3.74130E-17   243.031   6.70100E-19   1.00003E+00
  97   1.02710E-04    2.14150E-17   232.752   4.49130E-19   1.00007E+00
  98   5.47150E-05    1.11710E-17   221.308   2.81890E-19   1.00007E+00
  99   2.53190E-05    5.05310E-18   209.975   1.59710E-19   1.00006E+00
 100   9.36810E-06    1.83690E-18   198.141   7.80570E-20   1.00009E+00
