!  New ref profile : Gas 23 NumLayers =  100
!lay    press     partpress     temp     amount  ratio
!-------------------------------------------------------
   1   1.07120E+00    1.85200E-10   291.953   1.77520E-13   1.00000E+00
   2   1.04270E+00    1.79090E-10   290.487   1.73930E-13   1.00000E+00
   3   1.01460E+00    1.73110E-10   289.002   1.70350E-13   1.00000E+00
   4   9.86870E-01    1.67240E-10   287.497   1.66770E-13   1.00000E+00
   5   9.59550E-01    1.61480E-10   285.971   1.63200E-13   1.00006E+00
   6   9.32640E-01    1.55840E-10   284.425   1.59620E-13   1.00000E+00
   7   9.06120E-01    1.50320E-10   282.858   1.56060E-13   1.00000E+00
   8   8.80020E-01    1.45110E-10   281.282   1.52710E-13   1.00000E+00
   9   8.54320E-01    1.40440E-10   279.711   1.49840E-13   1.00000E+00
  10   8.29030E-01    1.35880E-10   278.119   1.46980E-13   1.00000E+00
  11   8.04150E-01    1.31400E-10   276.506   1.44120E-13   1.00000E+00
  12   7.79690E-01    1.27010E-10   274.878   1.41270E-13   1.00000E+00
  13   7.55630E-01    1.22720E-10   273.254   1.38430E-13   1.00000E+00
  14   7.31990E-01    1.18510E-10   271.609   1.35590E-13   1.00000E+00
  15   7.08770E-01    1.14380E-10   269.940   1.32750E-13   1.00000E+00
  16   6.85960E-01    1.10400E-10   268.258   1.29980E-13   1.00000E+00
  17   6.63570E-01    1.06620E-10   266.580   1.27370E-13   1.00000E+00
  18   6.41600E-01    1.02920E-10   264.877   1.24770E-13   1.00008E+00
  19   6.20050E-01    9.93010E-11   263.150   1.22160E-13   1.00000E+00
  20   5.98910E-01    9.58280E-11   261.416   1.19660E-13   1.00000E+00
  21   5.78190E-01    9.25120E-11   259.679   1.17270E-13   1.00000E+00
  22   5.57890E-01    8.92650E-11   257.915   1.14880E-13   1.00000E+00
  23   5.38010E-01    8.60830E-11   256.126   1.12490E-13   1.00000E+00
  24   5.18550E-01    8.29690E-11   254.341   1.10110E-13   1.00000E+00
  25   4.99500E-01    7.99210E-11   252.540   1.07740E-13   1.00000E+00
  26   4.80860E-01    7.69400E-11   250.711   1.05360E-13   1.00000E+00
  27   4.62650E-01    7.40250E-11   248.864   1.03000E-13   1.00000E+00
  28   4.44840E-01    7.11770E-11   247.021   1.00640E-13   1.00000E+00
  29   4.27450E-01    6.83940E-11   245.151   9.82840E-14   1.00001E+00
  30   4.10480E-01    6.56780E-11   243.251   9.59400E-14   1.00000E+00
  31   3.93910E-01    6.30270E-11   241.355   9.36040E-14   1.00000E+00
  32   3.77750E-01    6.04410E-11   239.444   9.12810E-14   1.00000E+00
  33   3.61990E-01    5.79210E-11   237.501   8.89680E-14   1.00001E+00
  34   3.46640E-01    5.54650E-11   235.543   8.66660E-14   1.00000E+00
  35   3.31700E-01    5.30730E-11   233.583   8.43760E-14   1.00000E+00
  36   3.17150E-01    5.07460E-11   231.590   8.21020E-14   1.00001E+00
  37   3.03000E-01    4.84820E-11   229.575   7.98410E-14   1.00001E+00
  38   2.89240E-01    4.62810E-11   227.590   7.75950E-14   9.99987E-01
  39   2.75880E-01    4.41430E-11   225.577   7.53670E-14   1.00000E+00
  40   2.62910E-01    4.20670E-11   223.529   7.31560E-14   1.00000E+00
  41   2.50320E-01    4.00530E-11   221.464   7.09630E-14   1.00000E+00
  42   2.38110E-01    3.81000E-11   219.365   6.87890E-14   1.00000E+00
  43   2.26290E-01    3.62070E-11   217.324   6.66360E-14   1.00000E+00
  44   2.14840E-01    3.43740E-11   216.773   6.45030E-14   1.00000E+00
  45   2.03760E-01    3.26010E-11   216.740   6.23930E-14   1.00002E+00
  46   1.93050E-01    3.08840E-11   216.707   6.02960E-14   1.00002E+00
  47   1.82700E-01    2.91780E-11   216.700   5.81310E-14   1.00002E+00
  48   1.72710E-01    2.75210E-11   216.700   5.59680E-14   1.00000E+00
  49   1.63080E-01    2.59170E-11   216.700   5.38190E-14   1.00002E+00
  50   1.53800E-01    2.43330E-11   216.700   5.16100E-14   1.00000E+00
  51   1.44860E-01    2.28080E-11   216.700   4.94320E-14   1.00000E+00
  52   1.36270E-01    2.13490E-11   216.700   4.72930E-14   1.00000E+00
  53   1.28010E-01    1.99530E-11   216.700   4.51960E-14   1.00000E+00
  54   1.20080E-01    1.86150E-11   216.700   4.31330E-14   1.00002E+00
  55   1.12480E-01    1.73040E-11   216.700   4.10290E-14   1.00000E+00
  56   1.05190E-01    1.60490E-11   216.700   3.89590E-14   1.00003E+00
  57   9.82240E-02    1.48570E-11   216.700   3.69380E-14   1.00000E+00
  58   9.15650E-02    1.37260E-11   216.700   3.49700E-14   9.99971E-01
  59   8.52090E-02    1.26420E-11   216.700   3.30210E-14   1.00003E+00
  60   7.91490E-02    1.15950E-11   216.700   3.10630E-14   1.00000E+00
  61   7.33810E-02    1.06080E-11   216.700   2.91670E-14   1.00003E+00
  62   6.78970E-02    9.68110E-12   216.700   2.73310E-14   1.00000E+00
  63   6.26920E-02    8.81140E-12   216.700   2.55590E-14   1.00004E+00
  64   5.77590E-02    7.99720E-12   216.700   2.38470E-14   1.00000E+00
  65   5.30910E-02    7.24610E-12   216.864   2.22290E-14   1.00000E+00
  66   4.86810E-02    6.56280E-12   217.355   2.07260E-14   1.00005E+00
  67   4.45230E-02    5.91250E-12   217.900   1.92360E-14   1.00000E+00
  68   4.06100E-02    5.29570E-12   218.491   1.77620E-14   1.00000E+00
  69   3.69350E-02    4.70850E-12   219.103   1.62950E-14   1.00000E+00
  70   3.34910E-02    4.15790E-12   219.737   1.48600E-14   1.00000E+00
  71   3.02700E-02    3.63960E-12   220.393   1.34450E-14   1.00000E+00
  72   2.72650E-02    3.16710E-12   221.073   1.21050E-14   1.00000E+00
  73   2.44680E-02    2.75230E-12   221.771   1.08950E-14   9.99908E-01
  74   2.18740E-02    2.40750E-12   222.480   9.88200E-15   1.00001E+00
  75   1.94720E-02    2.09560E-12   223.214   8.92930E-15   1.00001E+00
  76   1.72580E-02    1.81350E-12   223.980   8.03190E-15   1.00001E+00
  77   1.52210E-02    1.56020E-12   224.809   7.19240E-15   1.00001E+00
  78   1.33550E-02    1.33320E-12   225.679   6.40640E-15   1.00002E+00
  79   1.16530E-02    1.13160E-12   226.636   5.67750E-15   1.00000E+00
  80   1.01060E-02    9.56280E-13   227.853   5.01770E-15   1.00000E+00
  81   8.70620E-03    8.01560E-13   229.151   4.40730E-15   1.00002E+00
  82   7.44630E-03    6.65390E-13   231.163   3.84210E-15   1.00000E+00
  83   6.31830E-03    5.46470E-13   234.361   3.32110E-15   1.00003E+00
  84   5.31440E-03    4.44960E-13   237.751   2.85290E-15   1.00000E+00
  85   4.42680E-03    3.59690E-13   241.343   2.44050E-15   1.00000E+00
  86   3.64780E-03    2.88070E-13   245.224   2.07420E-15   1.00000E+00
  87   2.96970E-03    2.28070E-13   249.409   1.74910E-15   1.00006E+00
  88   2.38480E-03    1.77860E-13   253.939   1.45850E-15   1.00000E+00
  89   1.88550E-03    1.36310E-13   258.858   1.20080E-15   1.00000E+00
  90   1.46430E-03    1.02410E-13   264.213   9.74100E-16   1.00003E+00
  91   1.11390E-03    7.50280E-14   269.429   7.74800E-16   1.00004E+00
  92   8.26910E-04    5.36300E-14   270.403   6.05730E-16   1.00000E+00
  93   5.96370E-04    3.77990E-14   266.409   4.70480E-16   1.00004E+00
  94   4.15280E-04    2.58170E-14   260.486   3.58110E-16   1.00006E+00
  95   2.76900E-04    1.68930E-14   252.316   2.64250E-16   1.00004E+00
  96   1.74800E-04    1.04690E-14   243.031   1.87510E-16   1.00005E+00
  97   1.02710E-04    6.04820E-15   232.752   1.26850E-16   1.00008E+00
  98   5.47150E-05    3.16350E-15   221.308   7.98280E-17   1.00006E+00
  99   2.53190E-05    1.43290E-15   209.975   4.52900E-17   1.00009E+00
 100   9.36810E-06    5.17760E-16   198.141   2.20020E-17   1.00014E+00
