!  New ref profile : Gas 55 NumLayers =  100
!lay    press     partpress     temp     amount  ratio
!-------------------------------------------------------
   1   1.07120E+00    1.77580E-12   291.953   1.70210E-15   1.00000E+00
   2   1.04270E+00    1.70500E-12   290.487   1.65590E-15   1.00000E+00
   3   1.01460E+00    1.63590E-12   289.002   1.60980E-15   1.00000E+00
   4   9.86870E-01    1.56830E-12   287.497   1.56400E-15   1.00000E+00
   5   9.59550E-01    1.50240E-12   285.971   1.51840E-15   1.00007E+00
   6   9.32640E-01    1.43810E-12   284.425   1.47300E-15   1.00000E+00
   7   9.06120E-01    1.37540E-12   282.858   1.42790E-15   1.00000E+00
   8   8.80020E-01    1.31440E-12   281.282   1.38330E-15   1.00007E+00
   9   8.54320E-01    1.25530E-12   279.711   1.33930E-15   1.00000E+00
  10   8.29030E-01    1.19790E-12   278.119   1.29580E-15   1.00000E+00
  11   8.04150E-01    1.14200E-12   276.506   1.25260E-15   1.00008E+00
  12   7.79690E-01    1.09010E-12   274.878   1.21250E-15   1.00000E+00
  13   7.55630E-01    1.04660E-12   273.254   1.18060E-15   1.00000E+00
  14   7.31990E-01    1.00460E-12   271.609   1.14940E-15   1.00000E+00
  15   7.08770E-01    9.63620E-13   269.940   1.11830E-15   1.00000E+00
  16   6.85960E-01    9.23740E-13   268.258   1.08760E-15   1.00000E+00
  17   6.63570E-01    8.85020E-13   266.580   1.05720E-15   1.00000E+00
  18   6.41600E-01    8.47320E-13   264.877   1.02710E-15   1.00000E+00
  19   6.20050E-01    8.10610E-13   263.150   9.97240E-16   1.00000E+00
  20   5.98910E-01    7.74990E-13   261.416   9.67730E-16   1.00000E+00
  21   5.78190E-01    7.40450E-13   259.679   9.38610E-16   1.00000E+00
  22   5.57890E-01    7.06890E-13   257.915   9.09750E-16   1.00000E+00
  23   5.38010E-01    6.74290E-13   256.126   8.81160E-16   9.99989E-01
  24   5.18550E-01    6.42770E-13   254.341   8.53070E-16   1.00000E+00
  25   4.99500E-01    6.12240E-13   252.540   8.25330E-16   1.00001E+00
  26   4.80860E-01    5.82640E-13   250.711   7.97880E-16   1.00000E+00
  27   4.62650E-01    5.53990E-13   248.864   7.70810E-16   1.00000E+00
  28   4.44840E-01    5.26370E-13   247.021   7.44230E-16   1.00000E+00
  29   4.27450E-01    4.99640E-13   245.151   7.17990E-16   1.00000E+00
  30   4.10480E-01    4.73800E-13   243.251   6.92110E-16   1.00000E+00
  31   3.93910E-01    4.48930E-13   241.355   6.66730E-16   1.00000E+00
  32   3.77750E-01    4.24960E-13   239.444   6.41790E-16   1.00000E+00
  33   3.61990E-01    4.01830E-13   237.501   6.17220E-16   1.00000E+00
  34   3.46640E-01    3.79570E-13   235.543   5.93090E-16   1.00000E+00
  35   3.31700E-01    3.58200E-13   233.583   5.69470E-16   1.00000E+00
  36   3.17150E-01    3.37630E-13   231.590   5.46260E-16   1.00002E+00
  37   3.03000E-01    3.17860E-13   229.575   5.23460E-16   1.00002E+00
  38   2.89240E-01    2.98950E-13   227.590   5.01220E-16   9.99980E-01
  39   2.75880E-01    2.80800E-13   225.577   4.79430E-16   1.00002E+00
  40   2.62910E-01    2.62760E-13   223.529   4.56960E-16   1.00002E+00
  41   2.50320E-01    2.39720E-13   221.464   4.24730E-16   1.00000E+00
  42   2.38110E-01    2.16500E-13   219.365   3.90890E-16   1.00000E+00
  43   2.26290E-01    1.94580E-13   217.324   3.58110E-16   1.00003E+00
  44   2.14840E-01    1.74040E-13   216.773   3.26580E-16   9.99969E-01
  45   2.03760E-01    1.54760E-13   216.740   2.96190E-16   1.00003E+00
  46   1.93050E-01    1.36680E-13   216.707   2.66840E-16   1.00000E+00
  47   1.82700E-01    1.19740E-13   216.700   2.38560E-16   1.00000E+00
  48   1.72710E-01    1.03920E-13   216.700   2.11340E-16   1.00000E+00
  49   1.63080E-01    8.91900E-14   216.700   1.85210E-16   1.00000E+00
  50   1.53800E-01    7.55070E-14   216.700   1.60150E-16   1.00000E+00
  51   1.44860E-01    6.28390E-14   216.700   1.36190E-16   1.00000E+00
  52   1.36270E-01    5.22790E-14   216.700   1.15810E-16   1.00000E+00
  53   1.28010E-01    4.40080E-14   216.700   9.96820E-17   1.00001E+00
  54   1.20080E-01    3.63950E-14   216.700   8.43300E-17   1.00001E+00
  55   1.12480E-01    2.94070E-14   216.700   6.97270E-17   1.00001E+00
  56   1.05190E-01    2.30250E-14   216.700   5.58930E-17   9.99928E-01
  57   9.82240E-02    1.84230E-14   216.700   4.58040E-17   1.00000E+00
  58   9.15650E-02    1.51210E-14   216.700   3.85240E-17   1.00000E+00
  59   8.52090E-02    1.21150E-14   216.700   3.16450E-17   1.00003E+00
  60   7.91490E-02    9.39340E-15   216.700   2.51650E-17   1.00000E+00
  61   7.33810E-02    7.17270E-15   216.700   1.97210E-17   9.99899E-01
  62   6.78970E-02    5.76470E-15   216.700   1.62740E-17   1.00000E+00
  63   6.26920E-02    4.52560E-15   216.700   1.31270E-17   1.00000E+00
  64   5.77590E-02    3.41440E-15   216.700   1.01820E-17   1.00010E+00
  65   5.30910E-02    2.52090E-15   216.864   7.73350E-18   9.99910E-01
  66   4.86810E-02    1.90230E-15   217.355   6.00740E-18   1.00002E+00
  67   4.45230E-02    1.35770E-15   217.900   4.41710E-18   1.00002E+00
  68   4.06100E-02    8.91060E-16   218.491   2.98870E-18   9.99766E-01
  69   3.69350E-02    6.45750E-16   219.103   2.23480E-18   1.00004E+00
  70   3.34910E-02    4.79470E-16   219.737   1.71360E-18   1.00000E+00
  71   3.02700E-02    3.34620E-16   220.393   1.23610E-18   1.00000E+00
  72   2.72650E-02    2.27520E-16   221.073   8.69610E-19   1.00003E+00
  73   2.44680E-02    1.50100E-16   221.771   5.94170E-19   9.99849E-01
  74   2.18740E-02    9.80840E-17   222.480   4.02600E-19   1.00005E+00
  75   1.94720E-02    5.45660E-17   223.214   2.32500E-19   1.00004E+00
  76   1.72580E-02    2.11640E-17   223.980   9.37330E-20   9.99105E-01
  77   1.52210E-02    1.17710E-17   224.809   5.42620E-20   1.00004E+00
  78   1.33550E-02    7.07690E-18   225.679   3.40060E-20   1.00006E+00
  79   1.16530E-02    3.63920E-18   226.636   1.82580E-20   9.99945E-01
  80   1.01060E-02    2.44570E-18   227.853   1.28330E-20   1.00000E+00
  81   8.70620E-03    1.62270E-18   229.151   8.92230E-21   1.00006E+00
  82   7.44630E-03    9.31970E-19   231.163   5.38140E-21   1.00011E+00
  83   6.31830E-03    3.54110E-19   234.361   2.15210E-21   1.00023E+00
  84   5.31440E-03    4.70630E-20   237.751   3.01750E-22   9.92174E-01
  85   4.42680E-03    1.42080E-20   241.343   9.63980E-23   9.99948E-01
  86   3.64780E-03    2.62980E-21   245.224   1.89360E-23   1.00016E+00
  87   2.96970E-03    7.02980E-22   249.409   5.39120E-24   9.99425E-01
  88   2.38480E-03    1.28350E-22   253.939   1.05250E-24   1.00019E+00
  89   1.88550E-03    1.70470E-23   258.858   1.50170E-25   9.95228E-01
  90   1.46430E-03    2.75700E-24   264.213   2.62240E-26   9.96542E-01
  91   1.11390E-03    1.11340E-24   269.429   1.14980E-26   1.00000E+00
  92   8.26910E-04    8.27000E-25   270.403   9.34060E-27   1.00002E+00
  93   5.96370E-04    5.96700E-25   266.409   7.42710E-27   1.00004E+00
  94   4.15280E-04    4.15620E-25   260.486   5.76500E-27   1.00003E+00
  95   2.76900E-04    2.77240E-25   252.316   4.33690E-27   1.00005E+00
  96   1.74800E-04    1.75080E-25   243.031   3.13590E-27   1.00003E+00
  97   1.02710E-04    1.02940E-25   232.752   2.15890E-27   1.00005E+00
  98   5.47150E-05    5.48780E-26   221.308   1.38480E-27   1.00007E+00
  99   2.53190E-05    2.54170E-26   209.975   8.03320E-28   1.00006E+00
 100   9.36810E-06    9.42710E-27   198.141   4.00600E-28   1.00010E+00
