!  New ref profile : Gas 56 NumLayers =  100
!lay    press     partpress     temp     amount  ratio
!-------------------------------------------------------
   1   1.07120E+00    6.43090E-11   291.953   6.16430E-14   1.00000E+00
   2   1.04270E+00    6.25840E-11   290.487   6.07810E-14   1.00000E+00
   3   1.01460E+00    6.08830E-11   289.002   5.99140E-14   1.00000E+00
   4   9.86870E-01    5.92060E-11   287.497   5.90420E-14   1.00000E+00
   5   9.59550E-01    5.75540E-11   285.971   5.81650E-14   1.00000E+00
   6   9.32640E-01    5.59270E-11   284.425   5.72830E-14   1.00000E+00
   7   9.06120E-01    5.43240E-11   282.858   5.63980E-14   1.00000E+00
   8   8.80020E-01    5.27450E-11   281.282   5.55090E-14   1.00002E+00
   9   8.54320E-01    5.11900E-11   279.711   5.46150E-14   1.00000E+00
  10   8.29030E-01    4.96610E-11   278.119   5.37190E-14   1.00000E+00
  11   8.04150E-01    4.81570E-11   276.506   5.28190E-14   1.00000E+00
  12   7.79690E-01    4.66790E-11   274.878   5.19190E-14   1.00002E+00
  13   7.55630E-01    4.52290E-11   273.254   5.10190E-14   1.00000E+00
  14   7.31990E-01    4.38050E-11   271.609   5.01180E-14   1.00002E+00
  15   7.08770E-01    4.24060E-11   269.940   4.92140E-14   1.00000E+00
  16   6.85960E-01    4.10330E-11   268.258   4.83110E-14   1.00002E+00
  17   6.63570E-01    3.96850E-11   266.580   4.74070E-14   1.00000E+00
  18   6.41600E-01    3.83630E-11   264.877   4.65040E-14   1.00000E+00
  19   6.20050E-01    3.70660E-11   263.150   4.55990E-14   1.00000E+00
  20   5.98910E-01    3.57950E-11   261.416   4.46980E-14   1.00000E+00
  21   5.78190E-01    3.45520E-11   259.679   4.38000E-14   1.00002E+00
  22   5.57890E-01    3.33350E-11   257.915   4.29010E-14   1.00000E+00
  23   5.38010E-01    3.21420E-11   256.126   4.20040E-14   1.00000E+00
  24   5.18550E-01    3.09740E-11   254.341   4.11080E-14   1.00000E+00
  25   4.99500E-01    2.98310E-11   252.540   4.02130E-14   1.00000E+00
  26   4.80860E-01    2.87130E-11   250.711   3.93200E-14   1.00000E+00
  27   4.62650E-01    2.76200E-11   248.864   3.84300E-14   1.00000E+00
  28   4.44840E-01    2.65550E-11   247.021   3.75460E-14   1.00000E+00
  29   4.27450E-01    2.55140E-11   245.151   3.66650E-14   1.00003E+00
  30   4.10480E-01    2.44990E-11   243.251   3.57870E-14   1.00000E+00
  31   3.93910E-01    2.35070E-11   241.355   3.49120E-14   1.00000E+00
  32   3.77750E-01    2.25410E-11   239.444   3.40420E-14   1.00000E+00
  33   3.61990E-01    2.15990E-11   237.501   3.31760E-14   1.00000E+00
  34   3.46640E-01    2.06800E-11   235.543   3.23140E-14   1.00000E+00
  35   3.31700E-01    1.97860E-11   233.583   3.14550E-14   1.00000E+00
  36   3.17150E-01    1.89150E-11   231.590   3.06030E-14   1.00000E+00
  37   3.03000E-01    1.80680E-11   229.575   2.97550E-14   1.00000E+00
  38   2.89240E-01    1.72450E-11   227.590   2.89140E-14   1.00000E+00
  39   2.75880E-01    1.64460E-11   225.577   2.80790E-14   1.00000E+00
  40   2.62910E-01    1.56700E-11   223.529   2.72510E-14   1.00000E+00
  41   2.50320E-01    1.49160E-11   221.464   2.64280E-14   1.00000E+00
  42   2.38110E-01    1.41850E-11   219.365   2.56110E-14   1.00000E+00
  43   2.26290E-01    1.34770E-11   217.324   2.48030E-14   1.00004E+00
  44   2.14840E-01    1.27900E-11   216.773   2.40010E-14   1.00000E+00
  45   2.03760E-01    1.21260E-11   216.740   2.32080E-14   1.00004E+00
  46   1.93050E-01    1.14840E-11   216.707   2.24210E-14   1.00000E+00
  47   1.82700E-01    1.08540E-11   216.700   2.16240E-14   1.00000E+00
  48   1.72710E-01    1.02430E-11   216.700   2.08310E-14   1.00000E+00
  49   1.63080E-01    9.65500E-12   216.700   2.00490E-14   1.00000E+00
  50   1.53800E-01    9.08940E-12   216.700   1.92790E-14   1.00000E+00
  51   1.44860E-01    8.54580E-12   216.700   1.85210E-14   1.00000E+00
  52   1.36270E-01    8.01110E-12   216.700   1.77460E-14   1.00000E+00
  53   1.28010E-01    7.48230E-12   216.700   1.69480E-14   1.00000E+00
  54   1.20080E-01    6.97730E-12   216.700   1.61670E-14   1.00000E+00
  55   1.12480E-01    6.49570E-12   216.700   1.54020E-14   1.00000E+00
  56   1.05190E-01    6.03690E-12   216.700   1.46550E-14   1.00000E+00
  57   9.82240E-02    5.58690E-12   216.700   1.38910E-14   1.00000E+00
  58   9.15650E-02    5.15020E-12   216.700   1.31210E-14   1.00000E+00
  59   8.52090E-02    4.73750E-12   216.700   1.23740E-14   1.00000E+00
  60   7.91490E-02    4.34820E-12   216.700   1.16490E-14   1.00000E+00
  61   7.33810E-02    3.97810E-12   216.700   1.09380E-14   1.00009E+00
  62   6.78970E-02    3.62210E-12   216.700   1.02260E-14   1.00000E+00
  63   6.26920E-02    3.28830E-12   216.700   9.53820E-15   1.00000E+00
  64   5.77590E-02    2.97640E-12   216.700   8.87560E-15   1.00001E+00
  65   5.30910E-02    2.68400E-12   216.864   8.23370E-15   1.00000E+00
  66   4.86810E-02    2.40930E-12   217.355   7.60850E-15   1.00000E+00
  67   4.45230E-02    2.15460E-12   217.900   7.00980E-15   1.00001E+00
  68   4.06100E-02    1.91900E-12   218.491   6.43660E-15   1.00000E+00
  69   3.69350E-02    1.70000E-12   219.103   5.88330E-15   1.00000E+00
  70   3.34910E-02    1.49840E-12   219.737   5.35510E-15   1.00000E+00
  71   3.02700E-02    1.31370E-12   220.393   4.85310E-15   1.00002E+00
  72   2.72650E-02    1.14420E-12   221.073   4.37340E-15   1.00002E+00
  73   2.44680E-02    9.89850E-13   221.771   3.91840E-15   1.00000E+00
  74   2.18740E-02    8.50320E-13   222.480   3.49030E-15   1.00003E+00
  75   1.94720E-02    7.25060E-13   223.214   3.08950E-15   1.00003E+00
  76   1.72580E-02    6.13230E-13   223.980   2.71600E-15   1.00004E+00
  77   1.52210E-02    5.14050E-13   224.809   2.36970E-15   1.00000E+00
  78   1.33550E-02    4.26570E-13   225.679   2.04980E-15   1.00005E+00
  79   1.16530E-02    3.50310E-13   226.636   1.75750E-15   1.00000E+00
  80   1.01060E-02    2.85480E-13   227.853   1.49790E-15   1.00000E+00
  81   8.70620E-03    2.29570E-13   229.151   1.26230E-15   1.00008E+00
  82   7.44630E-03    1.81210E-13   231.163   1.04630E-15   1.00000E+00
  83   6.31830E-03    1.39650E-13   234.361   8.48690E-16   1.00004E+00
  84   5.31440E-03    1.05670E-13   237.751   6.77520E-16   1.00001E+00
  85   4.42680E-03    7.86810E-14   241.343   5.33850E-16   1.00004E+00
  86   3.64780E-03    5.81630E-14   245.224   4.18800E-16   1.00005E+00
  87   2.96970E-03    4.25230E-14   249.409   3.26110E-16   1.00000E+00
  88   2.38480E-03    3.06410E-14   253.939   2.51270E-16   1.00004E+00
  89   1.88550E-03    2.17000E-14   258.858   1.91160E-16   1.00000E+00
  90   1.46430E-03    1.52170E-14   264.213   1.44740E-16   1.00000E+00
  91   1.11390E-03    1.05830E-14   269.429   1.09290E-16   1.00000E+00
  92   8.26910E-04    7.35700E-15   270.403   8.30940E-17   1.00000E+00
  93   5.96370E-04    5.08080E-15   266.409   6.32410E-17   1.00005E+00
  94   4.15280E-04    3.39830E-15   260.486   4.71370E-17   1.00002E+00
  95   2.76900E-04    2.19120E-15   252.316   3.42770E-17   1.00006E+00
  96   1.74800E-04    1.34050E-15   243.031   2.40100E-17   1.00004E+00
  97   1.02710E-04    7.66120E-16   232.752   1.60680E-17   1.00006E+00
  98   5.47150E-05    3.96580E-16   221.308   1.00070E-17   1.00000E+00
  99   2.53190E-05    1.76560E-16   209.975   5.58050E-18   1.00011E+00
 100   9.36810E-06    6.08630E-17   198.141   2.58630E-18   1.00023E+00
