!  New ref profile : Gas 53 NumLayers =  100
!lay    press     partpress     temp     amount  ratio
!-------------------------------------------------------
   1   1.07120E+00    9.10530E-11   291.953   8.72770E-14   1.00000E+00
   2   1.04270E+00    8.86300E-11   290.487   8.60770E-14   1.00001E+00
   3   1.01460E+00    8.62400E-11   289.002   8.48680E-14   1.00000E+00
   4   9.86870E-01    8.38850E-11   287.497   8.36520E-14   1.00001E+00
   5   9.59550E-01    8.15630E-11   285.971   8.24290E-14   1.00000E+00
   6   9.32640E-01    7.92760E-11   284.425   8.11990E-14   1.00001E+00
   7   9.06120E-01    7.70220E-11   282.858   7.99630E-14   1.00000E+00
   8   8.80020E-01    7.48020E-11   281.282   7.87220E-14   1.00000E+00
   9   8.54320E-01    7.26180E-11   279.711   7.74770E-14   1.00000E+00
  10   8.29030E-01    7.04690E-11   278.119   7.62270E-14   1.00000E+00
  11   8.04150E-01    6.83540E-11   276.506   7.49720E-14   1.00000E+00
  12   7.79690E-01    6.62740E-11   274.878   7.37140E-14   1.00000E+00
  13   7.55630E-01    6.42300E-11   273.254   7.24520E-14   1.00001E+00
  14   7.31990E-01    6.22210E-11   271.609   7.11870E-14   1.00000E+00
  15   7.08770E-01    6.02470E-11   269.940   6.99190E-14   1.00000E+00
  16   6.85960E-01    5.83080E-11   268.258   6.86500E-14   1.00001E+00
  17   6.63570E-01    5.64050E-11   266.580   6.73810E-14   1.00000E+00
  18   6.41600E-01    5.45370E-11   264.877   6.61110E-14   1.00000E+00
  19   6.20050E-01    5.27050E-11   263.150   6.48400E-14   1.00002E+00
  20   5.98910E-01    5.09080E-11   261.416   6.35690E-14   1.00000E+00
  21   5.78190E-01    4.91470E-11   259.679   6.23000E-14   1.00000E+00
  22   5.57890E-01    4.74220E-11   257.915   6.10310E-14   1.00000E+00
  23   5.38010E-01    4.57320E-11   256.126   5.97620E-14   9.99983E-01
  24   5.18550E-01    4.40770E-11   254.341   5.84980E-14   1.00000E+00
  25   4.99500E-01    4.24580E-11   252.540   5.72350E-14   1.00000E+00
  26   4.80860E-01    4.08740E-11   250.711   5.59750E-14   1.00002E+00
  27   4.62650E-01    3.93260E-11   248.864   5.47170E-14   1.00000E+00
  28   4.44840E-01    3.78130E-11   247.021   5.34630E-14   1.00000E+00
  29   4.27450E-01    3.63340E-11   245.151   5.22130E-14   1.00000E+00
  30   4.10480E-01    3.48910E-11   243.251   5.09680E-14   1.00000E+00
  31   3.93910E-01    3.34830E-11   241.355   4.97270E-14   1.00000E+00
  32   3.77750E-01    3.21090E-11   239.444   4.84930E-14   1.00000E+00
  33   3.61990E-01    3.07700E-11   237.501   4.72640E-14   1.00000E+00
  34   3.46640E-01    2.94660E-11   235.543   4.60410E-14   1.00000E+00
  35   3.31700E-01    2.81950E-11   233.583   4.48250E-14   1.00000E+00
  36   3.17150E-01    2.69590E-11   231.590   4.36170E-14   1.00002E+00
  37   3.03000E-01    2.57560E-11   229.575   4.24150E-14   1.00000E+00
  38   2.89240E-01    2.45870E-11   227.590   4.12220E-14   9.99976E-01
  39   2.75880E-01    2.34510E-11   225.577   4.00390E-14   1.00000E+00
  40   2.62910E-01    2.23480E-11   223.529   3.88640E-14   1.00000E+00
  41   2.50320E-01    2.12780E-11   221.464   3.76990E-14   1.00000E+00
  42   2.38110E-01    2.02410E-11   219.365   3.65440E-14   1.00000E+00
  43   2.26290E-01    1.92350E-11   217.324   3.54010E-14   1.00003E+00
  44   2.14840E-01    1.82610E-11   216.773   3.42670E-14   1.00000E+00
  45   2.03760E-01    1.73200E-11   216.740   3.31460E-14   1.00000E+00
  46   1.93050E-01    1.63800E-11   216.707   3.19800E-14   1.00003E+00
  47   1.82700E-01    1.51420E-11   216.700   3.01670E-14   1.00003E+00
  48   1.72710E-01    1.38730E-11   216.700   2.82120E-14   1.00000E+00
  49   1.63080E-01    1.26800E-11   216.700   2.63300E-14   1.00000E+00
  50   1.53800E-01    1.15840E-11   216.700   2.45690E-14   1.00000E+00
  51   1.44860E-01    1.05540E-11   216.700   2.28730E-14   1.00000E+00
  52   1.36270E-01    9.67300E-12   216.700   2.14280E-14   9.99953E-01
  53   1.28010E-01    8.95620E-12   216.700   2.02870E-14   1.00000E+00
  54   1.20080E-01    8.27680E-12   216.700   1.91780E-14   1.00000E+00
  55   1.12480E-01    7.63330E-12   216.700   1.81000E-14   1.00000E+00
  56   1.05190E-01    7.02470E-12   216.700   1.70530E-14   1.00000E+00
  57   9.82240E-02    6.44990E-12   216.700   1.60360E-14   1.00000E+00
  58   9.15650E-02    5.90800E-12   216.700   1.50520E-14   1.00000E+00
  59   8.52090E-02    5.39810E-12   216.700   1.40990E-14   1.00000E+00
  60   7.91490E-02    4.91930E-12   216.700   1.31790E-14   1.00000E+00
  61   7.33810E-02    4.47060E-12   216.700   1.22920E-14   1.00008E+00
  62   6.78970E-02    4.05080E-12   216.700   1.14360E-14   1.00000E+00
  63   6.26920E-02    3.65890E-12   216.700   1.06130E-14   1.00000E+00
  64   5.77590E-02    3.29400E-12   216.700   9.82250E-15   1.00001E+00
  65   5.30910E-02    2.96310E-12   216.864   9.08990E-15   9.99989E-01
  66   4.86810E-02    2.67070E-12   217.355   8.43410E-15   1.00000E+00
  67   4.45230E-02    2.39930E-12   217.900   7.80590E-15   1.00001E+00
  68   4.06100E-02    2.14870E-12   218.491   7.20700E-15   1.00000E+00
  69   3.69350E-02    1.93060E-12   219.103   6.68140E-15   1.00000E+00
  70   3.34910E-02    1.73260E-12   219.737   6.19200E-15   1.00000E+00
  71   3.02700E-02    1.54870E-12   220.393   5.72130E-15   1.00002E+00
  72   2.72650E-02    1.36850E-12   221.073   5.23080E-15   1.00002E+00
  73   2.44680E-02    1.19610E-12   221.771   4.73500E-15   1.00002E+00
  74   2.18740E-02    1.03340E-12   222.480   4.24160E-15   1.00002E+00
  75   1.94720E-02    8.86520E-13   223.214   3.77750E-15   1.00003E+00
  76   1.72580E-02    7.54470E-13   223.980   3.34150E-15   1.00003E+00
  77   1.52210E-02    6.33980E-13   224.809   2.92260E-15   1.00000E+00
  78   1.33550E-02    5.27060E-13   225.679   2.53270E-15   1.00004E+00
  79   1.16530E-02    4.36840E-13   226.636   2.19160E-15   1.00000E+00
  80   1.01060E-02    3.71290E-13   227.853   1.94820E-15   1.00000E+00
  81   8.70620E-03    3.14380E-13   229.151   1.72860E-15   1.00000E+00
  82   7.44630E-03    2.64680E-13   231.163   1.52830E-15   1.00000E+00
  83   6.31830E-03    2.21910E-13   234.361   1.34860E-15   1.00000E+00
  84   5.31440E-03    1.82840E-13   237.751   1.17230E-15   1.00009E+00
  85   4.42680E-03    1.46840E-13   241.343   9.96320E-16   1.00003E+00
  86   3.64780E-03    1.16730E-13   245.224   8.40480E-16   1.00002E+00
  87   2.96970E-03    9.16200E-14   249.409   7.02640E-16   1.00001E+00
  88   2.38480E-03    7.02460E-14   253.939   5.76050E-16   1.00002E+00
  89   1.88550E-03    5.26420E-14   258.858   4.63740E-16   1.00004E+00
  90   1.46430E-03    3.85090E-14   264.213   3.66300E-16   1.00005E+00
  91   1.11390E-03    2.71900E-14   269.429   2.80780E-16   1.00004E+00
  92   8.26910E-04    1.85720E-14   270.403   2.09760E-16   1.00000E+00
  93   5.96370E-04    1.22200E-14   266.409   1.52100E-16   1.00007E+00
  94   4.15280E-04    7.64680E-15   260.486   1.06070E-16   1.00009E+00
  95   2.76900E-04    4.55990E-15   252.316   7.13300E-17   1.00007E+00
  96   1.74800E-04    2.53970E-15   243.031   4.54880E-17   1.00002E+00
  97   1.02710E-04    1.30010E-15   232.752   2.72660E-17   1.00007E+00
  98   5.47150E-05    5.92940E-16   221.308   1.49620E-17   1.00007E+00
  99   2.53190E-05    2.17720E-16   209.975   6.88150E-18   1.00105E+00
 100   9.36810E-06    2.25950E-17   198.141   9.60130E-19   9.98482E-01
