!  New ref profile : Gas 57 NumLayers =  100
!lay    press     partpress     temp     amount  ratio
!-------------------------------------------------------
   1   1.07120E+00    2.03530E-11   291.953   1.95090E-14   1.00000E+00
   2   1.04270E+00    1.98110E-11   290.487   1.92410E-14   1.00000E+00
   3   1.01460E+00    1.92770E-11   289.002   1.89710E-14   1.00005E+00
   4   9.86870E-01    1.87510E-11   287.497   1.86990E-14   1.00000E+00
   5   9.59550E-01    1.82320E-11   285.971   1.84250E-14   1.00000E+00
   6   9.32640E-01    1.77200E-11   284.425   1.81500E-14   1.00000E+00
   7   9.06120E-01    1.72170E-11   282.858   1.78740E-14   1.00000E+00
   8   8.80020E-01    1.67200E-11   281.282   1.75960E-14   1.00000E+00
   9   8.54320E-01    1.62300E-11   279.711   1.73160E-14   1.00006E+00
  10   8.29030E-01    1.57470E-11   278.119   1.70340E-14   1.00000E+00
  11   8.04150E-01    1.52730E-11   276.506   1.67510E-14   1.00000E+00
  12   7.79690E-01    1.48070E-11   274.878   1.64690E-14   1.00000E+00
  13   7.55630E-01    1.43500E-11   273.254   1.61870E-14   1.00006E+00
  14   7.31990E-01    1.39010E-11   271.609   1.59040E-14   1.00000E+00
  15   7.08770E-01    1.34600E-11   269.940   1.56210E-14   1.00000E+00
  16   6.85960E-01    1.30260E-11   268.258   1.53370E-14   1.00007E+00
  17   6.63570E-01    1.25990E-11   266.580   1.50510E-14   1.00000E+00
  18   6.41600E-01    1.21810E-11   264.877   1.47650E-14   1.00000E+00
  19   6.20050E-01    1.17700E-11   263.150   1.44790E-14   1.00000E+00
  20   5.98910E-01    1.13680E-11   261.416   1.41950E-14   1.00000E+00
  21   5.78190E-01    1.09740E-11   259.679   1.39110E-14   1.00000E+00
  22   5.57890E-01    1.05890E-11   257.915   1.36280E-14   1.00000E+00
  23   5.38010E-01    1.02120E-11   256.126   1.33440E-14   9.99925E-01
  24   5.18550E-01    9.84110E-12   254.341   1.30610E-14   1.00000E+00
  25   4.99500E-01    9.47830E-12   252.540   1.27770E-14   1.00000E+00
  26   4.80860E-01    9.12330E-12   250.711   1.24940E-14   1.00000E+00
  27   4.62650E-01    8.77640E-12   248.864   1.22110E-14   1.00000E+00
  28   4.44840E-01    8.43740E-12   247.021   1.19300E-14   1.00000E+00
  29   4.27450E-01    8.10630E-12   245.151   1.16490E-14   1.00000E+00
  30   4.10480E-01    7.78320E-12   243.251   1.13690E-14   1.00000E+00
  31   3.93910E-01    7.46790E-12   241.355   1.10910E-14   1.00000E+00
  32   3.77750E-01    7.16030E-12   239.444   1.08140E-14   1.00000E+00
  33   3.61990E-01    6.86070E-12   237.501   1.05380E-14   1.00000E+00
  34   3.46640E-01    6.56880E-12   235.543   1.02640E-14   1.00000E+00
  35   3.31700E-01    6.28450E-12   233.583   9.99110E-15   9.99990E-01
  36   3.17150E-01    6.00790E-12   231.590   9.72040E-15   1.00001E+00
  37   3.03000E-01    5.73890E-12   229.575   9.45110E-15   1.00002E+00
  38   2.89240E-01    5.47750E-12   227.590   9.18370E-15   9.99989E-01
  39   2.75880E-01    5.22360E-12   225.577   8.91860E-15   1.00001E+00
  40   2.62910E-01    4.97700E-12   223.529   8.65520E-15   1.00000E+00
  41   2.50320E-01    4.73660E-12   221.464   8.39210E-15   1.00000E+00
  42   2.38110E-01    4.50340E-12   219.365   8.13080E-15   1.00000E+00
  43   2.26290E-01    4.27740E-12   217.324   7.87220E-15   1.00001E+00
  44   2.14840E-01    4.05870E-12   216.773   7.61620E-15   1.00000E+00
  45   2.03760E-01    3.84740E-12   216.740   7.36310E-15   1.00003E+00
  46   1.93050E-01    3.64260E-12   216.707   7.11160E-15   1.00000E+00
  47   1.82700E-01    3.43890E-12   216.700   6.85130E-15   1.00001E+00
  48   1.72710E-01    3.24100E-12   216.700   6.59110E-15   1.00002E+00
  49   1.63080E-01    3.05060E-12   216.700   6.33480E-15   1.00000E+00
  50   1.53800E-01    2.86730E-12   216.700   6.08150E-15   1.00000E+00
  51   1.44860E-01    2.69130E-12   216.700   5.83270E-15   1.00000E+00
  52   1.36270E-01    2.51490E-12   216.700   5.57120E-15   1.00002E+00
  53   1.28010E-01    2.33650E-12   216.700   5.29260E-15   1.00002E+00
  54   1.20080E-01    2.16690E-12   216.700   5.02080E-15   1.00002E+00
  55   1.12480E-01    2.00540E-12   216.700   4.75500E-15   1.00000E+00
  56   1.05190E-01    1.85220E-12   216.700   4.49630E-15   1.00002E+00
  57   9.82240E-02    1.69860E-12   216.700   4.22330E-15   1.00000E+00
  58   9.15650E-02    1.54780E-12   216.700   3.94320E-15   1.00000E+00
  59   8.52090E-02    1.40610E-12   216.700   3.67270E-15   1.00000E+00
  60   7.91490E-02    1.27340E-12   216.700   3.41150E-15   1.00000E+00
  61   7.33810E-02    1.14740E-12   216.700   3.15470E-15   1.00003E+00
  62   6.78970E-02    1.02500E-12   216.700   2.89360E-15   1.00000E+00
  63   6.26920E-02    9.11310E-13   216.700   2.64340E-15   1.00000E+00
  64   5.77590E-02    8.06370E-13   216.700   2.40460E-15   1.00000E+00
  65   5.30910E-02    7.08790E-13   216.864   2.17440E-15   1.00000E+00
  66   4.86810E-02    6.17560E-13   217.355   1.95030E-15   1.00000E+00
  67   4.45230E-02    5.34250E-13   217.900   1.73810E-15   1.00000E+00
  68   4.06100E-02    4.58470E-13   218.491   1.53780E-15   1.00006E+00
  69   3.69350E-02    3.89340E-13   219.103   1.34740E-15   1.00000E+00
  70   3.34910E-02    3.26960E-13   219.737   1.16850E-15   1.00000E+00
  71   3.02700E-02    2.71120E-13   220.393   1.00160E-15   1.00000E+00
  72   2.72650E-02    2.21950E-13   221.073   8.48320E-16   1.00001E+00
  73   2.44680E-02    1.79140E-13   221.771   7.09140E-16   1.00000E+00
  74   2.18740E-02    1.42510E-13   222.480   5.84940E-16   1.00002E+00
  75   1.94720E-02    1.10620E-13   223.214   4.71340E-16   1.00002E+00
  76   1.72580E-02    8.34500E-14   223.980   3.69600E-16   1.00000E+00
  77   1.52210E-02    6.24670E-14   224.809   2.87970E-16   1.00003E+00
  78   1.33550E-02    4.50150E-14   225.679   2.16310E-16   1.00005E+00
  79   1.16530E-02    3.10290E-14   226.636   1.55680E-16   1.00006E+00
  80   1.01060E-02    2.19380E-14   227.853   1.15110E-16   1.00000E+00
  81   8.70620E-03    1.46630E-14   229.151   8.06250E-17   1.00005E+00
  82   7.44630E-03    9.21990E-15   231.163   5.32380E-17   9.99925E-01
  83   6.31830E-03    5.53890E-15   234.361   3.36620E-17   1.00009E+00
  84   5.31440E-03    3.02500E-15   237.751   1.93950E-17   9.99691E-01
  85   4.42680E-03    1.63270E-15   241.343   1.10780E-17   1.00000E+00
  86   3.64780E-03    8.47820E-16   245.224   6.10470E-18   1.00008E+00
  87   2.96970E-03    4.31510E-16   249.409   3.30930E-18   9.99970E-01
  88   2.38480E-03    2.14410E-16   253.939   1.75830E-18   1.00011E+00
  89   1.88550E-03    9.99010E-17   258.858   8.80050E-19   9.99761E-01
  90   1.46430E-03    4.51670E-17   264.213   4.29620E-19   9.99744E-01
  91   1.11390E-03    1.92860E-17   269.429   1.99160E-19   1.00000E+00
  92   8.26910E-04    8.21570E-18   270.403   9.27930E-20   9.99709E-01
  93   5.96370E-04    3.83120E-18   266.409   4.76880E-20   1.00017E+00
  94   4.15280E-04    1.55820E-18   260.486   2.16130E-20   9.99630E-01
  95   2.76900E-04    6.01380E-19   252.316   9.40750E-21   1.00027E+00
  96   1.74800E-04    1.85820E-19   243.031   3.32820E-21   9.98710E-01
  97   1.02710E-04    5.04220E-20   232.752   1.05750E-21   1.00038E+00
  98   5.47150E-05    1.06010E-20   221.308   2.67520E-22   9.99477E-01
  99   2.53190E-05    1.56580E-21   209.975   4.94900E-23   9.99657E-01
 100   9.36810E-06    1.33610E-22   198.141   5.67760E-24   9.99085E-01
