!  New ref profile : Gas 27 NumLayers =  100
!lay    press     partpress     temp     amount  ratio
!-------------------------------------------------------
   1   1.07120E+00    2.14240E-09   291.953   2.05360E-12   1.00000E+00
   2   1.04270E+00    2.08540E-09   290.487   2.02530E-12   1.00000E+00
   3   1.01460E+00    2.02920E-09   289.002   1.99690E-12   1.00000E+00
   4   9.86870E-01    1.97380E-09   287.497   1.96830E-12   1.00000E+00
   5   9.59550E-01    1.91910E-09   285.971   1.93950E-12   1.00000E+00
   6   9.32640E-01    1.86530E-09   284.425   1.91060E-12   1.00000E+00
   7   9.06120E-01    1.81230E-09   282.858   1.88150E-12   1.00000E+00
   8   8.80020E-01    1.76010E-09   281.282   1.85230E-12   1.00000E+00
   9   8.54320E-01    1.70870E-09   279.711   1.82300E-12   1.00000E+00
  10   8.29030E-01    1.65810E-09   278.119   1.79360E-12   1.00000E+00
  11   8.04150E-01    1.60830E-09   276.506   1.76400E-12   1.00000E+00
  12   7.79690E-01    1.55940E-09   274.878   1.73440E-12   1.00000E+00
  13   7.55630E-01    1.51130E-09   273.254   1.70470E-12   1.00000E+00
  14   7.31990E-01    1.46400E-09   271.609   1.67500E-12   1.00000E+00
  15   7.08770E-01    1.41760E-09   269.940   1.64510E-12   1.00000E+00
  16   6.85960E-01    1.37090E-09   268.258   1.61410E-12   1.00000E+00
  17   6.63570E-01    1.32280E-09   266.580   1.58030E-12   1.00000E+00
  18   6.41600E-01    1.27570E-09   264.877   1.54640E-12   1.00000E+00
  19   6.20050E-01    1.22950E-09   263.150   1.51260E-12   1.00000E+00
  20   5.98910E-01    1.18370E-09   261.416   1.47810E-12   1.00000E+00
  21   5.78190E-01    1.13810E-09   259.679   1.44270E-12   1.00000E+00
  22   5.57890E-01    1.09360E-09   257.915   1.40750E-12   1.00000E+00
  23   5.38010E-01    1.05010E-09   256.126   1.37230E-12   1.00000E+00
  24   5.18550E-01    1.00580E-09   254.341   1.33480E-12   1.00000E+00
  25   4.99500E-01    9.61900E-10   252.540   1.29670E-12   1.00000E+00
  26   4.80860E-01    9.19250E-10   250.711   1.25880E-12   1.00000E+00
  27   4.62650E-01    8.77850E-10   248.864   1.22140E-12   1.00000E+00
  28   4.44840E-01    8.37770E-10   247.021   1.18450E-12   1.00000E+00
  29   4.27450E-01    7.98860E-10   245.151   1.14800E-12   1.00000E+00
  30   4.10480E-01    7.61110E-10   243.251   1.11180E-12   1.00000E+00
  31   3.93910E-01    7.23860E-10   241.355   1.07500E-12   1.00000E+00
  32   3.77750E-01    6.87490E-10   239.444   1.03830E-12   1.00000E+00
  33   3.61990E-01    6.52330E-10   237.501   1.00200E-12   1.00000E+00
  34   3.46640E-01    6.18050E-10   235.543   9.65720E-13   1.00000E+00
  35   3.31700E-01    5.84410E-10   233.583   9.29090E-13   9.99989E-01
  36   3.17150E-01    5.51970E-10   231.590   8.93050E-13   1.00002E+00
  37   3.03000E-01    5.19710E-10   229.575   8.55870E-13   1.00002E+00
  38   2.89240E-01    4.84170E-10   227.590   8.11760E-13   9.99988E-01
  39   2.75880E-01    4.49650E-10   225.577   7.67720E-13   1.00001E+00
  40   2.62910E-01    4.15860E-10   223.529   7.23200E-13   1.00001E+00
  41   2.50320E-01    3.75720E-10   221.464   6.65680E-13   1.00000E+00
  42   2.38110E-01    3.35870E-10   219.365   6.06410E-13   1.00000E+00
  43   2.26290E-01    2.98230E-10   217.324   5.48870E-13   1.00002E+00
  44   2.14840E-01    2.61350E-10   216.773   4.90410E-13   1.00000E+00
  45   2.03760E-01    2.26310E-10   216.740   4.33100E-13   1.00002E+00
  46   1.93050E-01    1.93780E-10   216.707   3.78320E-13   1.00000E+00
  47   1.82700E-01    1.65800E-10   216.700   3.30320E-13   1.00003E+00
  48   1.72710E-01    1.40420E-10   216.700   2.85560E-13   1.00000E+00
  49   1.63080E-01    1.17210E-10   216.700   2.43390E-13   9.99959E-01
  50   1.53800E-01    9.73590E-11   216.700   2.06500E-13   1.00000E+00
  51   1.44860E-01    7.92250E-11   216.700   1.71700E-13   1.00000E+00
  52   1.36270E-01    6.39990E-11   216.700   1.41770E-13   9.99930E-01
  53   1.28010E-01    5.19070E-11   216.700   1.17580E-13   1.00009E+00
  54   1.20080E-01    4.10030E-11   216.700   9.50080E-14   9.99968E-01
  55   1.12480E-01    3.24330E-11   216.700   7.69030E-14   1.00001E+00
  56   1.05190E-01    2.49140E-11   216.700   6.04800E-14   9.99934E-01
  57   9.82240E-02    1.94310E-11   216.700   4.83120E-14   1.00002E+00
  58   9.15650E-02    1.54460E-11   216.700   3.93510E-14   1.00003E+00
  59   8.52090E-02    1.21210E-11   216.700   3.16590E-14   9.99937E-01
  60   7.91490E-02    9.61180E-12   216.700   2.57500E-14   1.00000E+00
  61   7.33810E-02    7.52770E-12   216.700   2.06970E-14   9.99952E-01
  62   6.78970E-02    6.08780E-12   216.700   1.71870E-14   1.00006E+00
  63   6.26920E-02    4.86020E-12   216.700   1.40980E-14   1.00000E+00
  64   5.77590E-02    3.88190E-12   216.700   1.15760E-14   1.00000E+00
  65   5.30910E-02    3.06040E-12   216.864   9.38840E-15   9.99968E-01
  66   4.86810E-02    2.41520E-12   217.355   7.62730E-15   9.99987E-01
  67   4.45230E-02    1.87820E-12   217.900   6.11060E-15   1.00003E+00
  68   4.06100E-02    1.43710E-12   218.491   4.82020E-15   9.99958E-01
  69   3.69350E-02    1.10710E-12   219.103   3.83120E-15   1.00000E+00
  70   3.34910E-02    8.39040E-13   219.737   2.99870E-15   1.00000E+00
  71   3.02700E-02    6.16760E-13   220.393   2.27840E-15   1.00000E+00
  72   2.72650E-02    4.28910E-13   221.073   1.63940E-15   1.00006E+00
  73   2.44680E-02    2.89410E-13   221.771   1.14570E-15   9.99738E-01
  74   2.18740E-02    2.15060E-13   222.480   8.82760E-16   1.00002E+00
  75   1.94720E-02    1.52990E-13   223.214   6.51880E-16   1.00003E+00
  76   1.72580E-02    1.01920E-13   223.980   4.51380E-16   9.99911E-01
  77   1.52210E-02    6.96250E-14   224.809   3.20960E-16   1.00003E+00
  78   1.33550E-02    4.43700E-14   225.679   2.13210E-16   1.00005E+00
  79   1.16530E-02    2.53070E-14   226.636   1.26970E-16   1.00000E+00
  80   1.01060E-02    1.65830E-14   227.853   8.70140E-17   1.00005E+00
  81   8.70620E-03    1.01180E-14   229.151   5.56340E-17   1.00007E+00
  82   7.44630E-03    5.66890E-15   231.163   3.27340E-17   9.99786E-01
  83   6.31830E-03    3.21400E-15   234.361   1.95330E-17   1.00010E+00
  84   5.31440E-03    1.60850E-15   237.751   1.03130E-17   9.99515E-01
  85   4.42680E-03    8.18570E-16   241.343   5.55400E-18   1.00004E+00
  86   3.64780E-03    3.98160E-16   245.224   2.86690E-18   1.00007E+00
  87   2.96970E-03    1.94470E-16   249.409   1.49140E-18   9.99933E-01
  88   2.38480E-03    9.01010E-17   253.939   7.38870E-19   1.00011E+00
  89   1.88550E-03    3.77380E-17   258.858   3.32450E-19   9.99579E-01
  90   1.46430E-03    1.63550E-17   264.213   1.55570E-19   9.99550E-01
  91   1.11390E-03    7.97290E-18   269.429   8.23340E-20   1.00001E+00
  92   8.26910E-04    4.24010E-18   270.403   4.78900E-20   9.99791E-01
  93   5.96370E-04    2.58260E-18   266.409   3.21460E-20   1.00006E+00
  94   4.15280E-04    1.58800E-18   260.486   2.20260E-20   9.99955E-01
  95   2.76900E-04    9.63810E-19   252.316   1.50770E-20   1.00007E+00
  96   1.74800E-04    5.59090E-19   243.031   1.00140E-20   1.00000E+00
  97   1.02710E-04    3.06870E-19   232.752   6.43590E-21   1.00008E+00
  98   5.47150E-05    1.54500E-19   221.308   3.89870E-21   1.00005E+00
  99   2.53190E-05    6.81000E-20   209.975   2.15240E-21   1.00009E+00
 100   9.36810E-06    2.41410E-20   198.141   1.02580E-21   1.00010E+00
