!  New ref profile : Gas 18 NumLayers =  100
!lay    press     partpress     temp     amount  ratio
!-------------------------------------------------------
   1   1.07120E+00    1.07120E-14   291.953   1.02680E-17   1.00000E+00
   2   1.04270E+00    1.04270E-14   290.487   1.01270E-17   1.00000E+00
   3   1.01460E+00    1.01460E-14   289.002   9.98450E-18   1.00000E+00
   4   9.86870E-01    9.86880E-15   287.497   9.84140E-18   1.00001E+00
   5   9.59550E-01    9.59570E-15   285.971   9.69750E-18   1.00000E+00
   6   9.32640E-01    9.32650E-15   284.425   9.55280E-18   1.00000E+00
   7   9.06120E-01    9.06140E-15   282.858   9.40740E-18   1.00000E+00
   8   8.80020E-01    8.80030E-15   281.282   9.26140E-18   1.00000E+00
   9   8.54320E-01    8.54330E-15   279.711   9.11490E-18   1.00000E+00
  10   8.29030E-01    8.29040E-15   278.119   8.96780E-18   1.00000E+00
  11   8.04150E-01    8.04170E-15   276.506   8.82020E-18   1.00000E+00
  12   7.79690E-01    7.79700E-15   274.878   8.67220E-18   1.00000E+00
  13   7.55630E-01    7.55650E-15   273.254   8.52370E-18   1.00000E+00
  14   7.31990E-01    7.32010E-15   271.609   8.37490E-18   1.00000E+00
  15   7.08770E-01    7.08780E-15   269.940   8.22570E-18   1.00000E+00
  16   6.85960E-01    6.85980E-15   268.258   8.07650E-18   1.00001E+00
  17   6.63570E-01    6.63590E-15   266.580   7.92720E-18   1.00001E+00
  18   6.41600E-01    6.41620E-15   264.877   7.77780E-18   1.00000E+00
  19   6.20050E-01    6.20060E-15   263.150   7.62820E-18   1.00000E+00
  20   5.98910E-01    5.98920E-15   261.416   7.47880E-18   1.00001E+00
  21   5.78190E-01    5.78200E-15   259.679   7.32940E-18   1.00000E+00
  22   5.57890E-01    5.57900E-15   257.915   7.18010E-18   1.00000E+00
  23   5.38010E-01    5.38020E-15   256.126   7.03080E-18   9.99986E-01
  24   5.18550E-01    5.18550E-15   254.341   6.88210E-18   1.00000E+00
  25   4.99500E-01    4.99510E-15   252.540   6.73350E-18   1.00000E+00
  26   4.80860E-01    4.80870E-15   250.711   6.58520E-18   1.00000E+00
  27   4.62650E-01    4.62660E-15   248.864   6.43730E-18   1.00000E+00
  28   4.44840E-01    4.44850E-15   247.021   6.28980E-18   1.00000E+00
  29   4.27450E-01    4.27460E-15   245.151   6.14270E-18   1.00000E+00
  30   4.10480E-01    4.10510E-15   243.251   5.99670E-18   1.00002E+00
  31   3.93910E-01    3.94730E-15   241.355   5.86240E-18   1.00000E+00
  32   3.77750E-01    3.79650E-15   239.444   5.73360E-18   1.00000E+00
  33   3.61990E-01    3.64900E-15   237.501   5.60490E-18   1.00000E+00
  34   3.46640E-01    3.51560E-15   235.543   5.49330E-18   9.99982E-01
  35   3.31700E-01    3.40370E-15   233.583   5.41110E-18   9.99982E-01
  36   3.17150E-01    3.29330E-15   231.590   5.32830E-18   1.00002E+00
  37   3.03000E-01    3.20200E-15   229.575   5.27310E-18   9.99981E-01
  38   2.89240E-01    3.18970E-15   227.590   5.34800E-18   9.99981E-01
  39   2.75880E-01    3.18120E-15   225.577   5.43150E-18   1.00000E+00
  40   2.62910E-01    3.19760E-15   223.529   5.56080E-18   9.99964E-01
  41   2.50320E-01    3.49570E-15   221.464   6.19350E-18   9.99984E-01
  42   2.38110E-01    3.83280E-15   219.365   6.92010E-18   9.99986E-01
  43   2.26290E-01    4.15590E-15   217.324   7.64860E-18   9.99987E-01
  44   2.14840E-01    4.76610E-15   216.773   8.94360E-18   9.99989E-01
  45   2.03760E-01    5.41990E-15   216.740   1.03730E-17   1.00010E+00
  46   1.93050E-01    6.04950E-15   216.707   1.18110E-17   9.99831E-01
  47   1.82700E-01    7.13030E-15   216.700   1.42060E-17   1.00000E+00
  48   1.72710E-01    8.24250E-15   216.700   1.67620E-17   9.99940E-01
  49   1.63080E-01    9.41180E-15   216.700   1.95440E-17   9.99847E-01
  50   1.53800E-01    1.12800E-14   216.700   2.39250E-17   1.00000E+00
  51   1.44860E-01    1.30420E-14   216.700   2.82660E-17   9.99965E-01
  52   1.36270E-01    1.53650E-14   216.700   3.40380E-17   9.99883E-01
  53   1.28010E-01    1.84070E-14   216.700   4.16950E-17   1.00000E+00
  54   1.20080E-01    2.13520E-14   216.700   4.94740E-17   9.99858E-01
  55   1.12480E-01    2.60040E-14   216.700   6.16590E-17   9.99984E-01
  56   1.05190E-01    3.05190E-14   216.700   7.40870E-17   9.99838E-01
  57   9.82240E-02    3.71240E-14   216.700   9.23020E-17   9.99989E-01
  58   9.15650E-02    4.48290E-14   216.700   1.14210E-16   1.00000E+00
  59   8.52090E-02    5.45830E-14   216.700   1.42570E-16   9.99860E-01
  60   7.91490E-02    6.82690E-14   216.700   1.82890E-16   9.99945E-01
  61   7.33810E-02    8.50080E-14   216.700   2.33720E-16   9.99743E-01
  62   6.78970E-02    1.11620E-13   216.700   3.15100E-16   9.99968E-01
  63   6.26920E-02    1.48250E-13   216.700   4.30030E-16   9.99651E-01
  64   5.77590E-02    2.13250E-13   216.700   6.35910E-16   9.99984E-01
  65   5.30910E-02    2.79100E-13   216.864   8.56210E-16   9.99883E-01
  66   4.86810E-02    3.50300E-13   217.355   1.10620E-15   1.00000E+00
  67   4.45230E-02    3.96960E-13   217.900   1.29150E-15   1.00000E+00
  68   4.06100E-02    4.25700E-13   218.491   1.42780E-15   9.99860E-01
  69   3.69350E-02    4.78840E-13   219.103   1.65710E-15   9.99940E-01
  70   3.34910E-02    5.44370E-13   219.737   1.94560E-15   9.99897E-01
  71   3.02700E-02    6.36710E-13   220.393   2.35210E-15   9.99958E-01
  72   2.72650E-02    8.33730E-13   221.073   3.18670E-15   1.00000E+00
  73   2.44680E-02    1.05090E-12   221.771   4.16030E-15   9.99976E-01
  74   2.18740E-02    1.22990E-12   222.480   5.04830E-15   1.00000E+00
  75   1.94720E-02    1.36340E-12   223.214   5.80960E-15   9.99983E-01
  76   1.72580E-02    1.49010E-12   223.980   6.59960E-15   9.99818E-01
  77   1.52210E-02    1.78450E-12   224.809   8.22620E-15   9.99976E-01
  78   1.33550E-02    2.03110E-12   225.679   9.76020E-15   9.99990E-01
  79   1.16530E-02    2.24150E-12   226.636   1.12460E-14   1.00000E+00
  80   1.01060E-02    2.54120E-12   227.853   1.33340E-14   1.00000E+00
  81   8.70620E-03    2.74450E-12   229.151   1.50910E-14   1.00000E+00
  82   7.44630E-03    2.85690E-12   231.163   1.64970E-14   1.00000E+00
  83   6.31830E-03    2.89520E-12   234.361   1.75950E-14   1.00000E+00
  84   5.31440E-03    2.80070E-12   237.751   1.79570E-14   1.00006E+00
  85   4.42680E-03    2.57860E-12   241.343   1.74960E-14   1.00006E+00
  86   3.64780E-03    2.20000E-12   245.224   1.58410E-14   1.00000E+00
  87   2.96970E-03    1.76020E-12   249.409   1.34990E-14   1.00007E+00
  88   2.38480E-03    1.22040E-12   253.939   1.00080E-14   1.00010E+00
  89   1.88550E-03    7.38080E-13   258.858   6.50200E-15   1.00012E+00
  90   1.46430E-03    3.78510E-13   264.213   3.60030E-15   9.99833E-01
  91   1.11390E-03    1.89550E-13   269.429   1.95740E-15   1.00000E+00
  92   8.26910E-04    9.51020E-14   270.403   1.07410E-15   9.99721E-01
  93   5.96370E-04    5.50480E-14   266.409   6.85180E-16   1.00007E+00
  94   4.15280E-04    3.23450E-14   260.486   4.48650E-16   9.99955E-01
  95   2.76900E-04    1.89510E-14   252.316   2.96450E-16   1.00010E+00
  96   1.74800E-04    1.06360E-14   243.031   1.90490E-16   9.99947E-01
  97   1.02710E-04    5.68690E-15   232.752   1.19270E-16   1.00008E+00
  98   5.47150E-05    2.80130E-15   221.308   7.06900E-17   1.00006E+00
  99   2.53190E-05    1.21210E-15   209.975   3.83100E-17   1.00008E+00
 100   9.36810E-06    4.22930E-16   198.141   1.79720E-17   1.00011E+00
