!  New ref profile : Gas  4 NumLayers =  100
!lay    press     partpress     temp     amount  ratio
!-------------------------------------------------------
   1   1.07120E+00    3.42790E-07   291.953   3.28570E-10   1.00000E+00
   2   1.04270E+00    3.33670E-07   290.487   3.24050E-10   1.00000E+00
   3   1.01460E+00    3.24670E-07   289.002   3.19500E-10   1.00000E+00
   4   9.86870E-01    3.15800E-07   287.497   3.14920E-10   1.00000E+00
   5   9.59550E-01    3.07060E-07   285.971   3.10320E-10   1.00000E+00
   6   9.32640E-01    2.98450E-07   284.425   3.05690E-10   1.00000E+00
   7   9.06120E-01    2.89960E-07   282.858   3.01040E-10   1.00000E+00
   8   8.80020E-01    2.81610E-07   281.282   2.96370E-10   1.00003E+00
   9   8.54320E-01    2.73380E-07   279.711   2.91680E-10   1.00000E+00
  10   8.29030E-01    2.65290E-07   278.119   2.86970E-10   1.00000E+00
  11   8.04150E-01    2.57330E-07   276.506   2.82250E-10   1.00000E+00
  12   7.79690E-01    2.49500E-07   274.878   2.77510E-10   1.00000E+00
  13   7.55630E-01    2.41810E-07   273.254   2.72760E-10   1.00000E+00
  14   7.31990E-01    2.34240E-07   271.609   2.68000E-10   1.00000E+00
  15   7.08770E-01    2.26810E-07   269.940   2.63220E-10   1.00000E+00
  16   6.85960E-01    2.19510E-07   268.258   2.58450E-10   1.00000E+00
  17   6.63570E-01    2.12350E-07   266.580   2.53670E-10   1.00000E+00
  18   6.41600E-01    2.05320E-07   264.877   2.48890E-10   1.00000E+00
  19   6.20050E-01    1.98420E-07   263.150   2.44100E-10   1.00000E+00
  20   5.98910E-01    1.91660E-07   261.416   2.39320E-10   1.00000E+00
  21   5.78190E-01    1.85020E-07   259.679   2.34540E-10   1.00000E+00
  22   5.57890E-01    1.78530E-07   257.915   2.29760E-10   1.00000E+00
  23   5.38010E-01    1.72170E-07   256.126   2.24990E-10   1.00000E+00
  24   5.18550E-01    1.65940E-07   254.341   2.20230E-10   1.00000E+00
  25   4.99500E-01    1.59840E-07   252.540   2.15470E-10   1.00000E+00
  26   4.80860E-01    1.53880E-07   250.711   2.10730E-10   1.00000E+00
  27   4.62650E-01    1.48050E-07   248.864   2.05990E-10   1.00000E+00
  28   4.44840E-01    1.42350E-07   247.021   2.01270E-10   1.00000E+00
  29   4.27450E-01    1.36790E-07   245.151   1.96570E-10   1.00000E+00
  30   4.10480E-01    1.31360E-07   243.251   1.91880E-10   1.00000E+00
  31   3.93910E-01    1.26050E-07   241.355   1.87210E-10   1.00000E+00
  32   3.77750E-01    1.20880E-07   239.444   1.82560E-10   1.00000E+00
  33   3.61990E-01    1.15840E-07   237.501   1.77940E-10   1.00006E+00
  34   3.46640E-01    1.10910E-07   235.543   1.73300E-10   1.00000E+00
  35   3.31700E-01    1.06080E-07   233.583   1.68650E-10   1.00000E+00
  36   3.17150E-01    1.01380E-07   231.590   1.64020E-10   1.00000E+00
  37   3.03000E-01    9.67920E-08   229.575   1.59400E-10   1.00000E+00
  38   2.89240E-01    9.22640E-08   227.590   1.54690E-10   1.00000E+00
  39   2.75880E-01    8.78630E-08   225.577   1.50010E-10   1.00000E+00
  40   2.62910E-01    8.35820E-08   223.529   1.45350E-10   1.00000E+00
  41   2.50320E-01    7.93040E-08   221.464   1.40510E-10   1.00000E+00
  42   2.38110E-01    7.51380E-08   219.365   1.35660E-10   1.00000E+00
  43   2.26290E-01    7.11130E-08   217.324   1.30880E-10   1.00000E+00
  44   2.14840E-01    6.72020E-08   216.773   1.26100E-10   1.00000E+00
  45   2.03760E-01    6.34270E-08   216.740   1.21390E-10   1.00000E+00
  46   1.93050E-01    5.97940E-08   216.707   1.16740E-10   1.00000E+00
  47   1.82700E-01    5.62900E-08   216.700   1.12150E-10   1.00000E+00
  48   1.72710E-01    5.29230E-08   216.700   1.07630E-10   1.00000E+00
  49   1.63080E-01    4.96890E-08   216.700   1.03180E-10   1.00000E+00
  50   1.53800E-01    4.65810E-08   216.700   9.87990E-11   1.00000E+00
  51   1.44860E-01    4.36040E-08   216.700   9.45010E-11   1.00001E+00
  52   1.36270E-01    4.07430E-08   216.700   9.02560E-11   1.00000E+00
  53   1.28010E-01    3.79930E-08   216.700   8.60600E-11   1.00001E+00
  54   1.20080E-01    3.53660E-08   216.700   8.19460E-11   1.00001E+00
  55   1.12480E-01    3.28220E-08   216.700   7.78260E-11   1.00000E+00
  56   1.05190E-01    3.03960E-08   216.700   7.37880E-11   1.00001E+00
  57   9.82240E-02    2.80290E-08   216.700   6.96890E-11   1.00000E+00
  58   9.15650E-02    2.57430E-08   216.700   6.55860E-11   1.00000E+00
  59   8.52090E-02    2.35630E-08   216.700   6.15460E-11   1.00002E+00
  60   7.91490E-02    2.14720E-08   216.700   5.75240E-11   1.00000E+00
  61   7.33810E-02    1.94810E-08   216.700   5.35610E-11   1.00002E+00
  62   6.78970E-02    1.75450E-08   216.700   4.95310E-11   9.99980E-01
  63   6.26920E-02    1.57260E-08   216.700   4.56150E-11   1.00002E+00
  64   5.77590E-02    1.40010E-08   216.700   4.17510E-11   1.00002E+00
  65   5.30910E-02    1.23980E-08   216.864   3.80330E-11   1.00000E+00
  66   4.86810E-02    1.09070E-08   217.355   3.44430E-11   9.99971E-01
  67   4.45230E-02    9.57700E-09   217.900   3.11580E-11   1.00000E+00
  68   4.06100E-02    8.39960E-09   218.491   2.81730E-11   9.99965E-01
  69   3.69350E-02    7.41910E-09   219.103   2.56750E-11   1.00000E+00
  70   3.34910E-02    6.54460E-09   219.737   2.33900E-11   1.00000E+00
  71   3.02700E-02    5.73210E-09   220.393   2.11750E-11   1.00000E+00
  72   2.72650E-02    4.95860E-09   221.073   1.89520E-11   1.00000E+00
  73   2.44680E-02    4.26990E-09   221.771   1.69030E-11   1.00000E+00
  74   2.18740E-02    3.70620E-09   222.480   1.52130E-11   1.00007E+00
  75   1.94720E-02    3.19930E-09   223.214   1.36320E-11   1.00000E+00
  76   1.72580E-02    2.74290E-09   223.980   1.21480E-11   1.00000E+00
  77   1.52210E-02    2.33220E-09   224.809   1.07510E-11   1.00000E+00
  78   1.33550E-02    1.96650E-09   225.679   9.44950E-12   1.00001E+00
  79   1.16530E-02    1.63840E-09   226.636   8.21970E-12   1.00001E+00
  80   1.01060E-02    1.33290E-09   227.853   6.99370E-12   1.00001E+00
  81   8.70620E-03    1.06720E-09   229.151   5.86800E-12   1.00002E+00
  82   7.44630E-03    8.35980E-10   231.163   4.82720E-12   1.00002E+00
  83   6.31830E-03    6.35260E-10   234.361   3.86060E-12   1.00003E+00
  84   5.31440E-03    4.65920E-10   237.751   2.98730E-12   1.00007E+00
  85   4.42680E-03    3.24100E-10   241.343   2.19900E-12   1.00005E+00
  86   3.64780E-03    2.19450E-10   245.224   1.58010E-12   1.00006E+00
  87   2.96970E-03    1.42700E-10   249.409   1.09440E-12   1.00000E+00
  88   2.38480E-03    8.60430E-11   253.939   7.05590E-13   1.00007E+00
  89   1.88550E-03    4.70600E-11   258.858   4.14570E-13   9.99976E-01
  90   1.46430E-03    2.39210E-11   264.213   2.27530E-13   9.99868E-01
  91   1.11390E-03    1.14590E-11   269.429   1.18330E-13   1.00008E+00
  92   8.26910E-04    4.75410E-12   270.403   5.36950E-14   9.99423E-01
  93   5.96370E-04    2.38240E-12   266.409   2.96540E-14   1.00010E+00
  94   4.15280E-04    1.27060E-12   260.486   1.76240E-14   9.99943E-01
  95   2.76900E-04    6.72350E-13   252.316   1.05180E-14   1.00019E+00
  96   1.74800E-04    3.33310E-13   243.031   5.96990E-15   9.99883E-01
  97   1.02710E-04    1.55280E-13   232.752   3.25670E-15   1.00012E+00
  98   5.47150E-05    6.56240E-14   221.308   1.65600E-15   1.00012E+00
  99   2.53190E-05    2.36130E-14   209.975   7.46330E-16   1.00013E+00
 100   9.36810E-06    6.65490E-15   198.141   2.82790E-16   1.00021E+00
