!  New ref profile : Gas 25 NumLayers =  100
!lay    press     partpress     temp     amount  ratio
!-------------------------------------------------------
   1   1.07120E+00    2.17330E-10   291.953   2.08320E-13   1.00000E+00
   2   1.04270E+00    2.10380E-10   290.487   2.04310E-13   1.00000E+00
   3   1.01460E+00    2.03540E-10   289.002   2.00310E-13   1.00005E+00
   4   9.86870E-01    1.96840E-10   287.497   1.96290E-13   1.00000E+00
   5   9.59550E-01    1.90270E-10   285.971   1.92290E-13   1.00000E+00
   6   9.32640E-01    1.83820E-10   284.425   1.88280E-13   1.00000E+00
   7   9.06120E-01    1.77500E-10   282.858   1.84280E-13   1.00000E+00
   8   8.80020E-01    1.71450E-10   281.282   1.80430E-13   1.00000E+00
   9   8.54320E-01    1.65810E-10   279.711   1.76900E-13   1.00000E+00
  10   8.29030E-01    1.60290E-10   278.119   1.73390E-13   1.00000E+00
  11   8.04150E-01    1.54880E-10   276.506   1.69880E-13   1.00000E+00
  12   7.79690E-01    1.49590E-10   274.878   1.66380E-13   1.00000E+00
  13   7.55630E-01    1.44410E-10   273.254   1.62890E-13   1.00000E+00
  14   7.31990E-01    1.39330E-10   271.609   1.59410E-13   1.00000E+00
  15   7.08770E-01    1.34370E-10   269.940   1.55940E-13   1.00000E+00
  16   6.85960E-01    1.29410E-10   268.258   1.52360E-13   1.00000E+00
  17   6.63570E-01    1.24340E-10   266.580   1.48530E-13   1.00000E+00
  18   6.41600E-01    1.19380E-10   264.877   1.44710E-13   1.00000E+00
  19   6.20050E-01    1.14540E-10   263.150   1.40920E-13   1.00000E+00
  20   5.98910E-01    1.09700E-10   261.416   1.36980E-13   1.00000E+00
  21   5.78190E-01    1.04820E-10   259.679   1.32870E-13   1.00000E+00
  22   5.57890E-01    1.00080E-10   257.915   1.28800E-13   1.00000E+00
  23   5.38010E-01    9.54560E-11   256.126   1.24740E-13   1.00000E+00
  24   5.18550E-01    9.05910E-11   254.341   1.20230E-13   1.00000E+00
  25   4.99500E-01    8.57420E-11   252.540   1.15580E-13   1.00000E+00
  26   4.80860E-01    8.10550E-11   250.711   1.11000E-13   1.00000E+00
  27   4.62650E-01    7.63550E-11   248.864   1.06240E-13   1.00000E+00
  28   4.44840E-01    7.13110E-11   247.021   1.00830E-13   1.00000E+00
  29   4.27450E-01    6.64320E-11   245.151   9.54640E-14   1.00001E+00
  30   4.10480E-01    6.17290E-11   243.251   9.01720E-14   1.00002E+00
  31   3.93910E-01    5.65740E-11   241.355   8.40210E-14   1.00000E+00
  32   3.77750E-01    5.13660E-11   239.444   7.75760E-14   1.00000E+00
  33   3.61990E-01    4.64110E-11   237.501   7.12880E-14   1.00000E+00
  34   3.46640E-01    4.15050E-11   235.543   6.48540E-14   1.00002E+00
  35   3.31700E-01    3.65140E-11   233.583   5.80490E-14   1.00000E+00
  36   3.17150E-01    3.17900E-11   231.590   5.14340E-14   1.00002E+00
  37   3.03000E-01    2.73360E-11   229.575   4.50180E-14   1.00002E+00
  38   2.89240E-01    2.31460E-11   227.590   3.88070E-14   9.99974E-01
  39   2.75880E-01    1.92130E-11   225.577   3.28040E-14   1.00000E+00
  40   2.62910E-01    1.55960E-11   223.529   2.71220E-14   9.99963E-01
  41   2.50320E-01    1.28250E-11   221.464   2.27230E-14   1.00000E+00
  42   2.38110E-01    1.03850E-11   219.365   1.87500E-14   1.00000E+00
  43   2.26290E-01    8.14300E-12   217.324   1.49870E-14   1.00000E+00
  44   2.14840E-01    6.52320E-12   216.773   1.22410E-14   1.00000E+00
  45   2.03760E-01    5.17040E-12   216.740   9.89520E-15   1.00003E+00
  46   1.93050E-01    3.94130E-12   216.707   7.69480E-15   9.99883E-01
  47   1.82700E-01    3.08990E-12   216.700   6.15610E-15   1.00002E+00
  48   1.72710E-01    2.38330E-12   216.700   4.84670E-15   1.00000E+00
  49   1.63080E-01    1.77380E-12   216.700   3.68330E-15   9.99837E-01
  50   1.53800E-01    1.40610E-12   216.700   2.98240E-15   1.00000E+00
  51   1.44860E-01    1.09200E-12   216.700   2.36670E-15   1.00004E+00
  52   1.36270E-01    8.44850E-13   216.700   1.87160E-15   9.99947E-01
  53   1.28010E-01    6.71600E-13   216.700   1.52130E-15   1.00007E+00
  54   1.20080E-01    5.18260E-13   216.700   1.20090E-15   9.99917E-01
  55   1.12480E-01    4.17760E-13   216.700   9.90580E-16   1.00001E+00
  56   1.05190E-01    3.34290E-13   216.700   8.11510E-16   9.99938E-01
  57   9.82240E-02    2.73140E-13   216.700   6.79100E-16   1.00001E+00
  58   9.15650E-02    2.28350E-13   216.700   5.81760E-16   1.00002E+00
  59   8.52090E-02    1.95480E-13   216.700   5.10570E-16   9.99883E-01
  60   7.91490E-02    1.79070E-13   216.700   4.79730E-16   1.00000E+00
  61   7.33810E-02    1.68560E-13   216.700   4.63460E-16   9.99914E-01
  62   6.78970E-02    1.70130E-13   216.700   4.80300E-16   1.00000E+00
  63   6.26920E-02    1.75780E-13   216.700   5.09860E-16   9.99882E-01
  64   5.77590E-02    1.91490E-13   216.700   5.71030E-16   1.00000E+00
  65   5.30910E-02    2.13680E-13   216.864   6.55520E-16   9.99863E-01
  66   4.86810E-02    2.47940E-13   217.355   7.82990E-16   9.99719E-01
  67   4.45230E-02    3.12810E-13   217.900   1.01770E-15   1.00000E+00
  68   4.06100E-02    4.03510E-13   218.491   1.35340E-15   9.99705E-01
  69   3.69350E-02    5.55150E-13   219.103   1.92120E-15   9.99948E-01
  70   3.34910E-02    7.45880E-13   219.737   2.66570E-15   9.99775E-01
  71   3.02700E-02    1.01440E-12   220.393   3.74730E-15   9.99973E-01
  72   2.72650E-02    1.33110E-12   221.073   5.08750E-15   9.99980E-01
  73   2.44680E-02    1.58430E-12   221.771   6.27150E-15   1.00010E+00
  74   2.18740E-02    1.68480E-12   222.480   6.91550E-15   1.00000E+00
  75   1.94720E-02    1.74400E-12   223.214   7.43110E-15   1.00000E+00
  76   1.72580E-02    1.76560E-12   223.980   7.81980E-15   1.00001E+00
  77   1.52210E-02    1.73030E-12   224.809   7.97660E-15   1.00000E+00
  78   1.33550E-02    1.67150E-12   225.679   8.03200E-15   1.00000E+00
  79   1.16530E-02    1.57290E-12   226.636   7.89160E-15   1.00001E+00
  80   1.01060E-02    1.37430E-12   227.853   7.21110E-15   1.00001E+00
  81   8.70620E-03    1.18400E-12   229.151   6.50990E-15   1.00002E+00
  82   7.44630E-03    9.81590E-13   231.163   5.66790E-15   1.00007E+00
  83   6.31830E-03    7.61620E-13   234.361   4.62860E-15   1.00004E+00
  84   5.31440E-03    5.71280E-13   237.751   3.66280E-15   1.00005E+00
  85   4.42680E-03    4.06780E-13   241.343   2.76000E-15   1.00004E+00
  86   3.64780E-03    2.86160E-13   245.224   2.06050E-15   1.00005E+00
  87   2.96970E-03    1.98060E-13   249.409   1.51890E-15   1.00000E+00
  88   2.38480E-03    1.37180E-13   253.939   1.12500E-15   1.00009E+00
  89   1.88550E-03    9.44480E-14   258.858   8.32020E-16   9.99988E-01
  90   1.46430E-03    6.50210E-14   264.213   6.18480E-16   1.00005E+00
  91   1.11390E-03    4.34000E-14   269.429   4.48180E-16   1.00002E+00
  92   8.26910E-04    2.94100E-14   270.403   3.32170E-16   9.99910E-01
  93   5.96370E-04    2.11270E-14   266.409   2.62970E-16   1.00004E+00
  94   4.15280E-04    1.55100E-14   260.486   2.15130E-16   9.99721E-01
  95   2.76900E-04    1.28140E-14   252.316   2.00460E-16   1.00000E+00
  96   1.74800E-04    1.29320E-14   243.031   2.31630E-16   9.98965E-01
  97   1.02710E-04    1.54530E-14   232.752   3.24090E-16   9.99507E-01
  98   5.47150E-05    2.09590E-14   221.308   5.28880E-16   9.98282E-01
  99   2.53190E-05    2.62810E-14   209.975   8.30650E-16   9.99398E-01
 100   9.36810E-06    1.71260E-14   198.141   7.27770E-16   1.00098E+00
