!  New ref profile : Gas 62 NumLayers =  100
!lay    press     partpress     temp     amount  ratio
!-------------------------------------------------------
   1   1.07120E+00    7.02710E-17   291.953   6.73570E-20   1.00000E+00
   2   1.04270E+00    6.84030E-17   290.487   6.64320E-20   9.99925E-01
   3   1.01460E+00    9.86580E-17   289.002   9.70880E-20   9.99990E-01
   4   9.86870E-01    1.58870E-16   287.497   1.58430E-19   1.00000E+00
   5   9.59550E-01    2.16470E-16   285.971   2.18770E-19   1.00000E+00
   6   9.32640E-01    2.71470E-16   284.425   2.78050E-19   1.00000E+00
   7   9.06120E-01    3.23890E-16   282.858   3.36260E-19   1.00000E+00
   8   8.80020E-01    3.73320E-16   281.282   3.92890E-19   1.00003E+00
   9   8.54320E-01    4.19260E-16   279.711   4.47310E-19   1.00000E+00
  10   8.29030E-01    4.62730E-16   278.119   5.00540E-19   1.00000E+00
  11   8.04150E-01    5.03810E-16   276.506   5.52590E-19   1.00000E+00
  12   7.79690E-01    3.02360E-15   274.878   3.36300E-18   9.99524E-01
  13   7.55630E-01    1.24150E-14   273.254   1.40040E-17   1.00000E+00
  14   7.31990E-01    2.17750E-14   271.609   2.49130E-17   1.00000E+00
  15   7.08770E-01    3.06590E-14   269.940   3.55810E-17   1.00000E+00
  16   6.85960E-01    3.90080E-14   268.258   4.59270E-17   1.00000E+00
  17   6.63570E-01    4.67510E-14   266.580   5.58490E-17   1.00000E+00
  18   6.41600E-01    5.40430E-14   264.877   6.55120E-17   1.00000E+00
  19   6.20050E-01    6.08980E-14   263.150   7.49180E-17   1.00000E+00
  20   5.98910E-01    1.40980E-13   261.416   1.76050E-16   9.98639E-01
  21   5.78190E-01    3.01470E-13   259.679   3.82150E-16   1.00000E+00
  22   5.57890E-01    4.53020E-13   257.915   5.83020E-16   9.99983E-01
  23   5.38010E-01    5.95480E-13   256.126   7.78170E-16   9.99987E-01
  24   5.18550E-01    7.26470E-13   254.341   9.64150E-16   1.00000E+00
  25   4.99500E-01    8.47990E-13   252.540   1.14310E-15   1.00000E+00
  26   4.80860E-01    9.61270E-13   250.711   1.31640E-15   1.00000E+00
  27   4.62650E-01    1.03870E-12   248.864   1.44520E-15   1.00000E+00
  28   4.44840E-01    1.02790E-12   247.021   1.45340E-15   1.00000E+00
  29   4.27450E-01    1.01070E-12   245.151   1.45250E-15   1.00007E+00
  30   4.10480E-01    9.93030E-13   243.251   1.45060E-15   1.00000E+00
  31   3.93910E-01    9.74430E-13   241.355   1.44720E-15   1.00000E+00
  32   3.77750E-01    9.55210E-13   239.444   1.44260E-15   1.00000E+00
  33   3.61990E-01    9.35620E-13   237.501   1.43710E-15   1.00000E+00
  34   3.46640E-01    9.05180E-13   235.543   1.41440E-15   1.00007E+00
  35   3.31700E-01    8.56920E-13   233.583   1.36230E-15   1.00000E+00
  36   3.17150E-01    8.10000E-13   231.590   1.31050E-15   1.00000E+00
  37   3.03000E-01    7.64820E-13   229.575   1.25950E-15   1.00000E+00
  38   2.89240E-01    7.21500E-13   227.590   1.20970E-15   1.00000E+00
  39   2.75880E-01    6.79840E-13   225.577   1.16070E-15   1.00000E+00
  40   2.62910E-01    6.42200E-13   223.529   1.11680E-15   1.00000E+00
  41   2.50320E-01    6.28380E-13   221.464   1.11330E-15   1.00000E+00
  42   2.38110E-01    6.19590E-13   219.365   1.11870E-15   1.00000E+00
  43   2.26290E-01    6.09940E-13   217.324   1.12250E-15   1.00000E+00
  44   2.14840E-01    5.99300E-13   216.773   1.12460E-15   1.00000E+00
  45   2.03760E-01    5.87900E-13   216.740   1.12510E-15   1.00000E+00
  46   1.93050E-01    5.92320E-13   216.707   1.15640E-15   9.99395E-01
  47   1.82700E-01    7.84440E-13   216.700   1.56280E-15   1.00000E+00
  48   1.72710E-01    1.01080E-12   216.700   2.05560E-15   1.00000E+00
  49   1.63080E-01    1.21390E-12   216.700   2.52080E-15   9.99960E-01
  50   1.53800E-01    1.39480E-12   216.700   2.95840E-15   1.00000E+00
  51   1.44860E-01    1.55420E-12   216.700   3.36830E-15   9.99970E-01
  52   1.36270E-01    2.15080E-12   216.700   4.76460E-15   9.99539E-01
  53   1.28010E-01    3.27400E-12   216.700   7.41600E-15   9.99986E-01
  54   1.20080E-01    4.27680E-12   216.700   9.90970E-15   1.00000E+00
  55   1.12480E-01    5.16150E-12   216.700   1.22390E-14   1.00000E+00
  56   1.05190E-01    5.93650E-12   216.700   1.44110E-14   9.99723E-01
  57   9.82240E-02    7.33220E-12   216.700   1.82300E-14   1.00000E+00
  58   9.15650E-02    9.07850E-12   216.700   2.31290E-14   9.99957E-01
  59   8.52090E-02    1.05860E-11   216.700   2.76490E-14   1.00000E+00
  60   7.91490E-02    1.18650E-11   216.700   3.17850E-14   9.99969E-01
  61   7.33810E-02    1.31400E-11   216.700   3.61260E-14   9.99945E-01
  62   6.78970E-02    1.47120E-11   216.700   4.15330E-14   9.99976E-01
  63   6.26920E-02    1.60330E-11   216.700   4.65060E-14   1.00000E+00
  64   5.77590E-02    1.70910E-11   216.700   5.09640E-14   1.00000E+00
  65   5.30910E-02    1.80940E-11   216.864   5.55080E-14   9.99964E-01
  66   4.86810E-02    1.91880E-11   217.355   6.05970E-14   9.99984E-01
  67   4.45230E-02    2.00060E-11   217.900   6.50900E-14   1.00000E+00
  68   4.06100E-02    2.05840E-11   218.491   6.90420E-14   9.99986E-01
  69   3.69350E-02    2.12250E-11   219.103   7.34550E-14   1.00000E+00
  70   3.34910E-02    2.16850E-11   219.737   7.75010E-14   9.99987E-01
  71   3.02700E-02    2.18820E-11   220.393   8.08360E-14   1.00000E+00
  72   2.72650E-02    2.17890E-11   221.073   8.32810E-14   1.00000E+00
  73   2.44680E-02    2.11820E-11   221.771   8.38510E-14   1.00006E+00
  74   2.18740E-02    1.98100E-11   222.480   8.13130E-14   1.00001E+00
  75   1.94720E-02    1.84170E-11   223.214   7.84730E-14   1.00001E+00
  76   1.72580E-02    1.68330E-11   223.980   7.45530E-14   1.00011E+00
  77   1.52210E-02    1.40430E-11   224.809   6.47380E-14   1.00003E+00
  78   1.33550E-02    1.13730E-11   225.679   5.46500E-14   1.00002E+00
  79   1.16530E-02    8.95210E-12   226.636   4.49130E-14   1.00002E+00
  80   1.01060E-02    6.48060E-12   227.853   3.40040E-14   1.00003E+00
  81   8.70620E-03    4.38670E-12   229.151   2.41200E-14   1.00004E+00
  82   7.44630E-03    2.74330E-12   231.163   1.58410E-14   1.00000E+00
  83   6.31830E-03    1.51990E-12   234.361   9.23700E-15   1.00009E+00
  84   5.31440E-03    7.12630E-13   237.751   4.56910E-15   9.99519E-01
  85   4.42680E-03    3.10100E-13   241.343   2.10400E-15   1.00000E+00
  86   3.64780E-03    1.14900E-13   245.224   8.27320E-16   1.00012E+00
  87   2.96970E-03    3.77500E-14   249.409   2.89510E-16   9.99655E-01
  88   2.38480E-03    1.04400E-14   253.939   8.56140E-17   1.00019E+00
  89   1.88550E-03    2.29570E-15   258.858   2.02240E-17   9.97977E-01
  90   1.46430E-03    4.65820E-16   264.213   4.43080E-18   9.97771E-01
  91   1.11390E-03    7.65240E-17   269.429   7.90250E-19   9.99671E-01
  92   8.26910E-04    1.10010E-17   270.403   1.24250E-19   9.98152E-01
  93   5.96370E-04    2.35210E-18   266.409   2.92770E-20   1.00027E+00
  94   4.15280E-04    3.70660E-19   260.486   5.14130E-21   9.96241E-01
  95   2.76900E-04    5.32310E-20   252.316   8.32700E-22   1.00059E+00
  96   1.74800E-04    1.08870E-21   243.031   1.94990E-23   9.21895E-01
  97   1.02710E-04    8.04020E-23   232.752   1.68620E-24   1.00047E+00
  98   5.47150E-05    1.99450E-24   221.308   5.03300E-26   9.96535E-01
  99   2.53190E-05    1.47160E-26   209.975   4.65100E-28   9.97063E-01
 100   9.36810E-06    5.18640E-29   198.141   2.20390E-30   9.93553E-01
