!  New ref profile : Gas 22 NumLayers =  100
!lay    press     partpress     temp     amount  ratio
!-------------------------------------------------------
   1   1.07120E+00    8.36610E-01   291.953   8.01920E-04   1.00000E+00
   2   1.04270E+00    8.14350E-01   290.487   7.90890E-04   1.00000E+00
   3   1.01460E+00    7.92400E-01   289.002   7.79790E-04   1.00000E+00
   4   9.86870E-01    7.70750E-01   287.497   7.68610E-04   1.00000E+00
   5   9.59550E-01    7.49420E-01   285.971   7.57370E-04   1.00000E+00
   6   9.32640E-01    7.28400E-01   284.425   7.46070E-04   1.00000E+00
   7   9.06120E-01    7.07690E-01   282.858   7.34720E-04   1.00000E+00
   8   8.80020E-01    6.87300E-01   281.282   7.23320E-04   1.00001E+00
   9   8.54320E-01    6.67230E-01   279.711   7.11870E-04   1.00000E+00
  10   8.29030E-01    6.47480E-01   278.119   7.00390E-04   1.00000E+00
  11   8.04150E-01    6.28050E-01   276.506   6.88860E-04   1.00000E+00
  12   7.79690E-01    6.08940E-01   274.878   6.77300E-04   1.00000E+00
  13   7.55630E-01    5.90160E-01   273.254   6.65700E-04   1.00000E+00
  14   7.31990E-01    5.71700E-01   271.609   6.54080E-04   1.00000E+00
  15   7.08770E-01    5.53560E-01   269.940   6.42430E-04   1.00000E+00
  16   6.85960E-01    5.35750E-01   268.258   6.30770E-04   1.00000E+00
  17   6.63570E-01    5.18260E-01   266.580   6.19110E-04   1.00000E+00
  18   6.41600E-01    5.01100E-01   264.877   6.07450E-04   1.00002E+00
  19   6.20050E-01    4.84270E-01   263.150   5.95760E-04   1.00000E+00
  20   5.98910E-01    4.67760E-01   261.416   5.84090E-04   1.00000E+00
  21   5.78190E-01    4.51580E-01   259.679   5.72430E-04   1.00000E+00
  22   5.57890E-01    4.35720E-01   257.915   5.60770E-04   1.00000E+00
  23   5.38010E-01    4.20190E-01   256.126   5.49110E-04   1.00000E+00
  24   5.18550E-01    4.04990E-01   254.341   5.37490E-04   1.00000E+00
  25   4.99500E-01    3.90120E-01   252.540   5.25890E-04   1.00002E+00
  26   4.80860E-01    3.75560E-01   250.711   5.14310E-04   1.00000E+00
  27   4.62650E-01    3.61340E-01   248.864   5.02750E-04   1.00000E+00
  28   4.44840E-01    3.47430E-01   247.021   4.91230E-04   1.00000E+00
  29   4.27450E-01    3.33850E-01   245.151   4.79750E-04   1.00000E+00
  30   4.10480E-01    3.20590E-01   243.251   4.68310E-04   1.00000E+00
  31   3.93910E-01    3.07650E-01   241.355   4.56910E-04   1.00002E+00
  32   3.77750E-01    2.95030E-01   239.444   4.45560E-04   1.00000E+00
  33   3.61990E-01    2.82720E-01   237.501   4.34270E-04   1.00000E+00
  34   3.46640E-01    2.70740E-01   235.543   4.23040E-04   1.00000E+00
  35   3.31700E-01    2.59060E-01   233.583   4.11860E-04   1.00000E+00
  36   3.17150E-01    2.47700E-01   231.590   4.00760E-04   1.00000E+00
  37   3.03000E-01    2.36650E-01   229.575   3.89720E-04   1.00000E+00
  38   2.89240E-01    2.25910E-01   227.590   3.78760E-04   9.99974E-01
  39   2.75880E-01    2.15470E-01   225.577   3.67890E-04   1.00003E+00
  40   2.62910E-01    2.05340E-01   223.529   3.57090E-04   1.00000E+00
  41   2.50320E-01    1.95510E-01   221.464   3.46390E-04   1.00000E+00
  42   2.38110E-01    1.85980E-01   219.365   3.35780E-04   1.00000E+00
  43   2.26290E-01    1.76740E-01   217.324   3.25270E-04   1.00003E+00
  44   2.14840E-01    1.67790E-01   216.773   3.14850E-04   9.99968E-01
  45   2.03760E-01    1.59140E-01   216.740   3.04550E-04   1.00000E+00
  46   1.93050E-01    1.50770E-01   216.707   2.94360E-04   1.00000E+00
  47   1.82700E-01    1.42690E-01   216.700   2.84280E-04   1.00000E+00
  48   1.72710E-01    1.34890E-01   216.700   2.74320E-04   1.00000E+00
  49   1.63080E-01    1.27370E-01   216.700   2.64480E-04   1.00000E+00
  50   1.53800E-01    1.20120E-01   216.700   2.54770E-04   1.00000E+00
  51   1.44860E-01    1.13140E-01   216.700   2.45200E-04   1.00000E+00
  52   1.36270E-01    1.06420E-01   216.700   2.35760E-04   1.00004E+00
  53   1.28010E-01    9.99730E-02   216.700   2.26450E-04   1.00000E+00
  54   1.20080E-01    9.37810E-02   216.700   2.17300E-04   1.00000E+00
  55   1.12480E-01    8.78430E-02   216.700   2.08290E-04   1.00000E+00
  56   1.05190E-01    8.21550E-02   216.700   1.99440E-04   1.00005E+00
  57   9.82240E-02    7.67130E-02   216.700   1.90730E-04   1.00000E+00
  58   9.15650E-02    7.15120E-02   216.700   1.82190E-04   1.00000E+00
  59   8.52090E-02    6.65480E-02   216.700   1.73820E-04   1.00000E+00
  60   7.91490E-02    6.18160E-02   216.700   1.65610E-04   1.00000E+00
  61   7.33810E-02    5.73110E-02   216.700   1.57570E-04   1.00000E+00
  62   6.78970E-02    5.30280E-02   216.700   1.49700E-04   1.00000E+00
  63   6.26920E-02    4.89620E-02   216.700   1.42020E-04   1.00000E+00
  64   5.77590E-02    4.51100E-02   216.700   1.34520E-04   1.00007E+00
  65   5.30910E-02    4.14630E-02   216.864   1.27200E-04   1.00000E+00
  66   4.86810E-02    3.80190E-02   217.355   1.20070E-04   1.00000E+00
  67   4.45230E-02    3.47720E-02   217.900   1.13130E-04   1.00000E+00
  68   4.06100E-02    3.17160E-02   218.491   1.06380E-04   1.00000E+00
  69   3.69350E-02    2.88460E-02   219.103   9.98270E-05   1.00000E+00
  70   3.34910E-02    2.61560E-02   219.737   9.34780E-05   1.00000E+00
  71   3.02700E-02    2.36400E-02   220.393   8.73310E-05   1.00001E+00
  72   2.72650E-02    2.12930E-02   221.073   8.13860E-05   1.00001E+00
  73   2.44680E-02    1.91090E-02   221.771   7.56460E-05   1.00000E+00
  74   2.18740E-02    1.70830E-02   222.480   7.01190E-05   1.00001E+00
  75   1.94720E-02    1.52070E-02   223.214   6.47990E-05   1.00002E+00
  76   1.72580E-02    1.34780E-02   223.980   5.96920E-05   1.00002E+00
  77   1.52210E-02    1.18870E-02   224.809   5.47990E-05   1.00002E+00
  78   1.33550E-02    1.04300E-02   225.679   5.01200E-05   1.00002E+00
  79   1.16530E-02    9.10040E-03   226.636   4.56570E-05   1.00000E+00
  80   1.01060E-02    7.89210E-03   227.853   4.14110E-05   1.00002E+00
  81   8.70620E-03    6.79900E-03   229.151   3.73840E-05   1.00003E+00
  82   7.44630E-03    5.81450E-03   231.163   3.35740E-05   1.00000E+00
  83   6.31830E-03    4.93360E-03   234.361   2.99830E-05   1.00003E+00
  84   5.31440E-03    4.14960E-03   237.751   2.66060E-05   1.00004E+00
  85   4.42680E-03    3.45650E-03   241.343   2.34520E-05   1.00000E+00
  86   3.64780E-03    2.84810E-03   245.224   2.05080E-05   1.00000E+00
  87   2.96970E-03    2.31860E-03   249.409   1.77820E-05   1.00006E+00
  88   2.38480E-03    1.86190E-03   253.939   1.52680E-05   1.00000E+00
  89   1.88550E-03    1.47190E-03   258.858   1.29670E-05   1.00008E+00
  90   1.46430E-03    1.14310E-03   264.213   1.08730E-05   1.00009E+00
  91   1.11390E-03    8.69600E-04   269.429   8.98020E-06   1.00002E+00
  92   8.26910E-04    6.45890E-04   270.403   7.29500E-06   1.00001E+00
  93   5.96370E-04    4.66020E-04   266.409   5.80060E-06   1.00003E+00
  94   4.15280E-04    3.24600E-04   260.486   4.50250E-06   1.00004E+00
  95   2.76900E-04    2.16520E-04   252.316   3.38710E-06   1.00003E+00
  96   1.74800E-04    1.36740E-04   243.031   2.44910E-06   1.00004E+00
  97   1.02710E-04    8.03950E-05   232.752   1.68610E-06   1.00006E+00
  98   5.47150E-05    4.28600E-05   221.308   1.08150E-06   1.00000E+00
  99   2.53190E-05    1.98500E-05   209.975   6.27400E-07   1.00006E+00
 100   9.36810E-06    7.36260E-06   198.141   3.12860E-07   1.00006E+00
