!  New ref profile : Gas 12 NumLayers =  100
!lay    press     partpress     temp     amount  ratio
!-------------------------------------------------------
   1   1.07120E+00    4.76230E-11   291.953   4.56480E-14   1.00000E+00
   2   1.04270E+00    4.86130E-11   290.487   4.72130E-14   1.00000E+00
   3   1.01460E+00    4.95280E-11   289.002   4.87400E-14   1.00000E+00
   4   9.86870E-01    5.03690E-11   287.497   5.02290E-14   1.00000E+00
   5   9.59550E-01    5.11370E-11   285.971   5.16790E-14   1.00000E+00
   6   9.32640E-01    5.18320E-11   284.425   5.30890E-14   1.00000E+00
   7   9.06120E-01    5.24560E-11   282.858   5.44590E-14   1.00000E+00
   8   8.80020E-01    5.30000E-11   281.282   5.57770E-14   1.00000E+00
   9   8.54320E-01    5.34540E-11   279.711   5.70310E-14   1.00002E+00
  10   8.29030E-01    5.38410E-11   278.119   5.82400E-14   1.00000E+00
  11   8.04150E-01    5.41620E-11   276.506   5.94060E-14   1.00000E+00
  12   7.79690E-01    5.44120E-11   274.878   6.05200E-14   1.00000E+00
  13   7.55630E-01    5.45830E-11   273.254   6.15700E-14   1.00000E+00
  14   7.31990E-01    5.46910E-11   271.609   6.25730E-14   1.00000E+00
  15   7.08770E-01    5.47400E-11   269.940   6.35280E-14   1.00000E+00
  16   6.85960E-01    5.47070E-11   268.258   6.44100E-14   1.00000E+00
  17   6.63570E-01    5.45680E-11   266.580   6.51860E-14   1.00000E+00
  18   6.41600E-01    5.43740E-11   264.877   6.59140E-14   1.00002E+00
  19   6.20050E-01    5.41300E-11   263.150   6.65920E-14   1.00000E+00
  20   5.98910E-01    5.37600E-11   261.416   6.71300E-14   1.00000E+00
  21   5.78190E-01    5.32600E-11   259.679   6.75140E-14   1.00000E+00
  22   5.57890E-01    5.27230E-11   257.915   6.78530E-14   1.00000E+00
  23   5.38010E-01    5.21710E-11   256.126   6.81770E-14   9.99985E-01
  24   5.18550E-01    5.20230E-11   254.341   6.90430E-14   1.00000E+00
  25   4.99500E-01    5.19800E-11   252.540   7.00710E-14   1.00000E+00
  26   4.80860E-01    5.18680E-11   250.711   7.10290E-14   1.00000E+00
  27   4.62650E-01    5.17240E-11   248.864   7.19670E-14   1.00000E+00
  28   4.44840E-01    5.16160E-11   247.021   7.29790E-14   1.00000E+00
  29   4.27450E-01    5.14430E-11   245.151   7.39250E-14   1.00000E+00
  30   4.10480E-01    5.11940E-11   243.251   7.47830E-14   1.00001E+00
  31   3.93910E-01    5.06930E-11   241.355   7.52870E-14   1.00000E+00
  32   3.77750E-01    5.00570E-11   239.444   7.55990E-14   1.00000E+00
  33   3.61990E-01    4.93760E-11   237.501   7.58430E-14   1.00000E+00
  34   3.46640E-01    4.86770E-11   235.543   7.60600E-14   1.00000E+00
  35   3.31700E-01    4.79770E-11   233.583   7.62740E-14   1.00000E+00
  36   3.17150E-01    4.72340E-11   231.590   7.64220E-14   1.00001E+00
  37   3.03000E-01    4.65500E-11   229.575   7.66590E-14   1.00000E+00
  38   2.89240E-01    4.62580E-11   227.590   7.75570E-14   9.99974E-01
  39   2.75880E-01    4.59440E-11   225.577   7.84430E-14   1.00001E+00
  40   2.62910E-01    4.55920E-11   223.529   7.92870E-14   1.00000E+00
  41   2.50320E-01    4.55370E-11   221.464   8.06810E-14   1.00000E+00
  42   2.38110E-01    4.54700E-11   219.365   8.20970E-14   1.00000E+00
  43   2.26290E-01    4.53330E-11   217.324   8.34320E-14   1.00001E+00
  44   2.14840E-01    4.56260E-11   216.773   8.56170E-14   9.99988E-01
  45   2.03760E-01    4.59510E-11   216.740   8.79420E-14   1.00002E+00
  46   1.93050E-01    4.61070E-11   216.707   9.00180E-14   1.00001E+00
  47   1.82700E-01    4.59330E-11   216.700   9.15120E-14   1.00001E+00
  48   1.72710E-01    4.55850E-11   216.700   9.27040E-14   1.00000E+00
  49   1.63080E-01    4.53320E-11   216.700   9.41360E-14   9.99968E-01
  50   1.53800E-01    4.58990E-11   216.700   9.73540E-14   1.00000E+00
  51   1.44860E-01    4.63790E-11   216.700   1.00520E-13   1.00000E+00
  52   1.36270E-01    4.80480E-11   216.700   1.06440E-13   9.99906E-01
  53   1.28010E-01    5.11880E-11   216.700   1.15950E-13   1.00000E+00
  54   1.20080E-01    5.45760E-11   216.700   1.26460E-13   9.99842E-01
  55   1.12480E-01    6.31960E-11   216.700   1.49850E-13   1.00000E+00
  56   1.05190E-01    7.19120E-11   216.700   1.74570E-13   9.99828E-01
  57   9.82240E-02    8.63950E-11   216.700   2.14800E-13   9.99954E-01
  58   9.15650E-02    1.04060E-10   216.700   2.65110E-13   9.99962E-01
  59   8.52090E-02    1.22390E-10   216.700   3.19680E-13   9.99937E-01
  60   7.91490E-02    1.43350E-10   216.700   3.84030E-13   9.99974E-01
  61   7.33810E-02    1.63640E-10   216.700   4.49930E-13   9.99956E-01
  62   6.78970E-02    1.86730E-10   216.700   5.27150E-13   1.00000E+00
  63   6.26920E-02    2.05960E-10   216.700   5.97420E-13   1.00000E+00
  64   5.77590E-02    2.20900E-10   216.700   6.58710E-13   1.00000E+00
  65   5.30910E-02    2.29660E-10   216.864   7.04540E-13   1.00003E+00
  66   4.86810E-02    2.30690E-10   217.355   7.28520E-13   1.00003E+00
  67   4.45230E-02    2.26890E-10   217.900   7.38190E-13   1.00001E+00
  68   4.06100E-02    2.19130E-10   218.491   7.34980E-13   1.00003E+00
  69   3.69350E-02    2.06870E-10   219.103   7.15910E-13   1.00000E+00
  70   3.34910E-02    1.92530E-10   219.737   6.88090E-13   1.00001E+00
  71   3.02700E-02    1.76020E-10   220.393   6.50240E-13   1.00002E+00
  72   2.72650E-02    1.56260E-10   221.073   5.97240E-13   1.00002E+00
  73   2.44680E-02    1.35830E-10   221.771   5.37700E-13   1.00002E+00
  74   2.18740E-02    1.16370E-10   222.480   4.77670E-13   1.00000E+00
  75   1.94720E-02    9.88950E-11   223.214   4.21390E-13   1.00002E+00
  76   1.72580E-02    8.31300E-11   223.980   3.68180E-13   1.00003E+00
  77   1.52210E-02    6.80400E-11   224.809   3.13660E-13   1.00003E+00
  78   1.33550E-02    5.46840E-11   225.679   2.62770E-13   1.00000E+00
  79   1.16530E-02    4.31520E-11   226.636   2.16490E-13   1.00000E+00
  80   1.01060E-02    3.33020E-11   227.853   1.74740E-13   1.00000E+00
  81   8.70620E-03    2.49770E-11   229.151   1.37330E-13   1.00000E+00
  82   7.44630E-03    1.80320E-11   231.163   1.04120E-13   1.00000E+00
  83   6.31830E-03    1.23340E-11   234.361   7.49580E-14   1.00005E+00
  84   5.31440E-03    8.02230E-12   237.751   5.14360E-14   9.99961E-01
  85   4.42680E-03    5.01110E-12   241.343   3.40000E-14   1.00003E+00
  86   3.64780E-03    3.03850E-12   245.224   2.18790E-14   1.00005E+00
  87   2.96970E-03    1.76150E-12   249.409   1.35090E-14   1.00000E+00
  88   2.38480E-03    9.27060E-13   253.939   7.60230E-15   1.00011E+00
  89   1.88550E-03    4.22930E-13   258.858   3.72570E-15   9.99732E-01
  90   1.46430E-03    1.88970E-13   264.213   1.79750E-15   9.99611E-01
  91   1.11390E-03    9.32560E-14   269.429   9.63040E-16   1.00002E+00
  92   8.26910E-04    4.96630E-14   270.403   5.60930E-16   9.99804E-01
  93   5.96370E-04    3.02720E-14   266.409   3.76790E-16   1.00005E+00
  94   4.15280E-04    1.86370E-14   260.486   2.58510E-16   1.00000E+00
  95   2.76900E-04    1.12970E-14   252.316   1.76730E-16   1.00011E+00
  96   1.74800E-04    6.54610E-15   243.031   1.17250E-16   1.00000E+00
  97   1.02710E-04    3.59410E-15   232.752   7.53770E-17   1.00007E+00
  98   5.47150E-05    1.81070E-15   221.308   4.56900E-17   1.00004E+00
  99   2.53190E-05    7.98790E-16   209.975   2.52470E-17   1.00008E+00
 100   9.36810E-06    2.83600E-16   198.141   1.20510E-17   1.00008E+00
