!  New ref profile : Gas  2 NumLayers =  100
!lay    press     partpress     temp     amount  ratio
!-------------------------------------------------------
   1   1.07120E+00    3.96350E-04   291.953   3.79910E-07   1.00000E+00
   2   1.04270E+00    3.85800E-04   290.487   3.74690E-07   1.00000E+00
   3   1.01460E+00    3.75400E-04   289.002   3.69430E-07   1.00003E+00
   4   9.86870E-01    3.65150E-04   287.497   3.64130E-07   1.00000E+00
   5   9.59550E-01    3.55040E-04   285.971   3.58810E-07   1.00000E+00
   6   9.32640E-01    3.45080E-04   284.425   3.53450E-07   1.00000E+00
   7   9.06120E-01    3.35270E-04   282.858   3.48070E-07   1.00000E+00
   8   8.80020E-01    3.25610E-04   281.282   3.42670E-07   1.00000E+00
   9   8.54320E-01    3.16100E-04   279.711   3.37250E-07   1.00000E+00
  10   8.29030E-01    3.06750E-04   278.119   3.31810E-07   1.00000E+00
  11   8.04150E-01    2.97540E-04   276.506   3.26350E-07   1.00000E+00
  12   7.79690E-01    2.88490E-04   274.878   3.20870E-07   1.00000E+00
  13   7.55630E-01    2.79590E-04   273.254   3.15380E-07   1.00000E+00
  14   7.31990E-01    2.70840E-04   271.609   3.09870E-07   1.00000E+00
  15   7.08770E-01    2.62250E-04   269.940   3.04350E-07   1.00000E+00
  16   6.85960E-01    2.53810E-04   268.258   2.98830E-07   1.00000E+00
  17   6.63570E-01    2.45530E-04   266.580   2.93310E-07   1.00003E+00
  18   6.41600E-01    2.37400E-04   264.877   2.87780E-07   1.00000E+00
  19   6.20050E-01    2.29420E-04   263.150   2.82240E-07   1.00000E+00
  20   5.98910E-01    2.21600E-04   261.416   2.76710E-07   1.00000E+00
  21   5.78190E-01    2.13930E-04   259.679   2.71190E-07   1.00000E+00
  22   5.57890E-01    2.06420E-04   257.915   2.65660E-07   1.00000E+00
  23   5.38010E-01    1.99070E-04   256.126   2.60140E-07   1.00000E+00
  24   5.18550E-01    1.91870E-04   254.341   2.54640E-07   1.00000E+00
  25   4.99500E-01    1.84820E-04   252.540   2.49140E-07   1.00000E+00
  26   4.80860E-01    1.77920E-04   250.711   2.43650E-07   1.00000E+00
  27   4.62650E-01    1.71180E-04   248.864   2.38180E-07   1.00000E+00
  28   4.44840E-01    1.64600E-04   247.021   2.32720E-07   1.00000E+00
  29   4.27450E-01    1.58160E-04   245.151   2.27280E-07   1.00000E+00
  30   4.10480E-01    1.51880E-04   243.251   2.21860E-07   1.00000E+00
  31   3.93910E-01    1.45750E-04   241.355   2.16460E-07   1.00000E+00
  32   3.77750E-01    1.39770E-04   239.444   2.11090E-07   1.00000E+00
  33   3.61990E-01    1.33940E-04   237.501   2.05740E-07   1.00000E+00
  34   3.46640E-01    1.28260E-04   235.543   2.00420E-07   1.00005E+00
  35   3.31700E-01    1.22730E-04   233.583   1.95120E-07   1.00000E+00
  36   3.17150E-01    1.17350E-04   231.590   1.89860E-07   1.00000E+00
  37   3.03000E-01    1.12110E-04   229.575   1.84630E-07   1.00000E+00
  38   2.89240E-01    1.07020E-04   227.590   1.79440E-07   1.00000E+00
  39   2.75880E-01    1.02080E-04   225.577   1.74290E-07   1.00000E+00
  40   2.62910E-01    9.72790E-05   223.529   1.69170E-07   1.00000E+00
  41   2.50320E-01    9.26220E-05   221.464   1.64100E-07   1.00000E+00
  42   2.38110E-01    8.81060E-05   219.365   1.59080E-07   1.00000E+00
  43   2.26290E-01    8.37290E-05   217.324   1.54100E-07   1.00006E+00
  44   2.14840E-01    7.94900E-05   216.773   1.49160E-07   1.00000E+00
  45   2.03760E-01    7.53910E-05   216.740   1.44280E-07   1.00000E+00
  46   1.93050E-01    7.14280E-05   216.707   1.39450E-07   1.00000E+00
  47   1.82700E-01    6.75990E-05   216.700   1.34680E-07   1.00000E+00
  48   1.72710E-01    6.39040E-05   216.700   1.29960E-07   1.00000E+00
  49   1.63080E-01    6.03400E-05   216.700   1.25300E-07   1.00000E+00
  50   1.53800E-01    5.69050E-05   216.700   1.20700E-07   1.00000E+00
  51   1.44860E-01    5.35990E-05   216.700   1.16160E-07   1.00000E+00
  52   1.36270E-01    5.04190E-05   216.700   1.11690E-07   1.00000E+00
  53   1.28010E-01    4.73620E-05   216.700   1.07280E-07   1.00000E+00
  54   1.20080E-01    4.44290E-05   216.700   1.02950E-07   1.00010E+00
  55   1.12480E-01    4.16160E-05   216.700   9.86770E-08   1.00001E+00
  56   1.05190E-01    3.89210E-05   216.700   9.44830E-08   1.00001E+00
  57   9.82240E-02    3.63430E-05   216.700   9.03590E-08   1.00000E+00
  58   9.15650E-02    3.38790E-05   216.700   8.63130E-08   9.99988E-01
  59   8.52090E-02    3.15270E-05   216.700   8.23460E-08   1.00001E+00
  60   7.91490E-02    2.92850E-05   216.700   7.84560E-08   1.00000E+00
  61   7.33810E-02    2.71510E-05   216.700   7.46500E-08   1.00003E+00
  62   6.78970E-02    2.51220E-05   216.700   7.09220E-08   9.99986E-01
  63   6.26920E-02    2.31960E-05   216.700   6.72830E-08   1.00000E+00
  64   5.77590E-02    2.13710E-05   216.700   6.37270E-08   1.00002E+00
  65   5.30910E-02    1.96430E-05   216.864   6.02600E-08   1.00000E+00
  66   4.86810E-02    1.80120E-05   217.355   5.68810E-08   1.00000E+00
  67   4.45230E-02    1.64730E-05   217.900   5.35950E-08   1.00002E+00
  68   4.06100E-02    1.50250E-05   218.491   5.03970E-08   1.00000E+00
  69   3.69350E-02    1.36660E-05   219.103   4.72930E-08   1.00000E+00
  70   3.34910E-02    1.23910E-05   219.737   4.42850E-08   1.00000E+00
  71   3.02700E-02    1.11990E-05   220.393   4.13730E-08   1.00000E+00
  72   2.72650E-02    1.00880E-05   221.073   3.85570E-08   1.00003E+00
  73   2.44680E-02    9.05300E-06   221.771   3.58380E-08   1.00003E+00
  74   2.18740E-02    8.09290E-06   222.480   3.32190E-08   1.00003E+00
  75   1.94720E-02    7.20460E-06   223.214   3.06990E-08   1.00003E+00
  76   1.72580E-02    6.38500E-06   223.980   2.82790E-08   1.00000E+00
  77   1.52210E-02    5.63150E-06   224.809   2.59610E-08   1.00000E+00
  78   1.33550E-02    4.94130E-06   225.679   2.37440E-08   1.00000E+00
  79   1.16530E-02    4.31130E-06   226.636   2.16300E-08   1.00000E+00
  80   1.01060E-02    3.73890E-06   227.853   1.96180E-08   1.00000E+00
  81   8.70620E-03    3.22110E-06   229.151   1.77110E-08   1.00006E+00
  82   7.44630E-03    2.75460E-06   231.163   1.59060E-08   1.00000E+00
  83   6.31830E-03    2.33730E-06   234.361   1.42040E-08   1.00000E+00
  84   5.31440E-03    1.96590E-06   237.751   1.26050E-08   1.00008E+00
  85   4.42680E-03    1.63750E-06   241.343   1.11110E-08   1.00009E+00
  86   3.64780E-03    1.34930E-06   245.224   9.71570E-09   1.00002E+00
  87   2.96970E-03    1.09840E-06   249.409   8.42410E-09   1.00001E+00
  88   2.38480E-03    8.82050E-07   253.939   7.23330E-09   1.00003E+00
  89   1.88550E-03    6.97340E-07   258.858   6.14300E-09   1.00002E+00
  90   1.46430E-03    5.41530E-07   264.213   5.15100E-09   1.00004E+00
  91   1.11390E-03    4.11970E-07   269.429   4.25440E-09   1.00002E+00
  92   8.26910E-04    3.05990E-07   270.403   3.45600E-09   1.00000E+00
  93   5.96370E-04    2.20780E-07   266.409   2.74800E-09   1.00004E+00
  94   4.15280E-04    1.53780E-07   260.486   2.13310E-09   1.00005E+00
  95   2.76900E-04    1.02580E-07   252.316   1.60460E-09   1.00000E+00
  96   1.74800E-04    6.47800E-08   243.031   1.16030E-09   1.00009E+00
  97   1.02710E-04    3.80870E-08   232.752   7.98790E-10   1.00005E+00
  98   5.47150E-05    2.03050E-08   221.308   5.12380E-10   1.00006E+00
  99   2.53190E-05    9.39950E-09   209.975   2.97080E-10   1.00007E+00
 100   9.36810E-06    3.45340E-09   198.141   1.46750E-10   1.00014E+00
