!  New ref profile : Gas  3 NumLayers =  100
!lay    press     partpress     temp     amount  ratio
!-------------------------------------------------------
   1   1.07120E+00    2.68180E-08   291.953   2.57060E-11   1.00000E+00
   2   1.04270E+00    2.67420E-08   290.487   2.59710E-11   1.00000E+00
   3   1.01460E+00    2.66490E-08   289.002   2.62250E-11   1.00000E+00
   4   9.86870E-01    2.65400E-08   287.497   2.64670E-11   1.00000E+00
   5   9.59550E-01    2.64160E-08   285.971   2.66960E-11   1.00000E+00
   6   9.32640E-01    2.62760E-08   284.425   2.69140E-11   1.00000E+00
   7   9.06120E-01    2.61210E-08   282.858   2.71190E-11   1.00000E+00
   8   8.80020E-01    2.59690E-08   281.282   2.73300E-11   1.00000E+00
   9   8.54320E-01    2.58400E-08   279.711   2.75690E-11   1.00000E+00
  10   8.29030E-01    2.56970E-08   278.119   2.77960E-11   1.00000E+00
  11   8.04150E-01    2.55370E-08   276.506   2.80090E-11   1.00000E+00
  12   7.79690E-01    2.52500E-08   274.878   2.80850E-11   1.00000E+00
  13   7.55630E-01    2.46430E-08   273.254   2.77980E-11   1.00000E+00
  14   7.31990E-01    2.40230E-08   271.609   2.74840E-11   1.00000E+00
  15   7.08770E-01    2.34080E-08   269.940   2.71660E-11   1.00000E+00
  16   6.85960E-01    2.27920E-08   268.258   2.68350E-11   1.00000E+00
  17   6.63570E-01    2.21670E-08   266.580   2.64810E-11   1.00000E+00
  18   6.41600E-01    2.15490E-08   264.877   2.61220E-11   1.00000E+00
  19   6.20050E-01    2.09390E-08   263.150   2.57600E-11   1.00000E+00
  20   5.98910E-01    2.05610E-08   261.416   2.56750E-11   9.99961E-01
  21   5.78190E-01    2.04380E-08   259.679   2.59080E-11   1.00000E+00
  22   5.57890E-01    2.02970E-08   257.915   2.61220E-11   1.00000E+00
  23   5.38010E-01    2.01360E-08   256.126   2.63140E-11   1.00000E+00
  24   5.18550E-01    1.99120E-08   254.341   2.64270E-11   1.00000E+00
  25   4.99500E-01    1.96570E-08   252.540   2.64980E-11   1.00000E+00
  26   4.80860E-01    1.93890E-08   250.711   2.65520E-11   1.00000E+00
  27   4.62650E-01    1.92750E-08   248.864   2.68190E-11   9.99963E-01
  28   4.44840E-01    1.96300E-08   247.021   2.77550E-11   1.00000E+00
  29   4.27450E-01    1.99660E-08   245.151   2.86920E-11   1.00000E+00
  30   4.10480E-01    2.02510E-08   243.251   2.95820E-11   1.00000E+00
  31   3.93910E-01    2.05110E-08   241.355   3.04630E-11   1.00000E+00
  32   3.77750E-01    2.07320E-08   239.444   3.13110E-11   1.00000E+00
  33   3.61990E-01    2.09040E-08   237.501   3.21080E-11   1.00000E+00
  34   3.46640E-01    2.18340E-08   235.543   3.41160E-11   9.99853E-01
  35   3.31700E-01    2.40660E-08   233.583   3.82590E-11   9.99974E-01
  36   3.17150E-01    2.61240E-08   231.590   4.22670E-11   1.00000E+00
  37   3.03000E-01    2.80870E-08   229.575   4.62540E-11   9.99978E-01
  38   2.89240E-01    3.02970E-08   227.590   5.07960E-11   9.99980E-01
  39   2.75880E-01    3.23350E-08   225.577   5.52080E-11   1.00000E+00
  40   2.62910E-01    3.44220E-08   223.529   5.98610E-11   9.99983E-01
  41   2.50320E-01    3.87800E-08   221.464   6.87090E-11   1.00000E+00
  42   2.38110E-01    4.33180E-08   219.365   7.82110E-11   1.00000E+00
  43   2.26290E-01    4.74260E-08   217.324   8.72830E-11   1.00000E+00
  44   2.14840E-01    5.15750E-08   216.773   9.67800E-11   9.99990E-01
  45   2.03760E-01    5.54110E-08   216.740   1.06050E-10   1.00009E+00
  46   1.93050E-01    5.86970E-08   216.707   1.14600E-10   1.00009E+00
  47   1.82700E-01    6.06270E-08   216.700   1.20790E-10   1.00000E+00
  48   1.72710E-01    6.19540E-08   216.700   1.25990E-10   1.00000E+00
  49   1.63080E-01    6.33760E-08   216.700   1.31600E-10   9.99924E-01
  50   1.53800E-01    6.63200E-08   216.700   1.40670E-10   1.00000E+00
  51   1.44860E-01    6.90020E-08   216.700   1.49550E-10   1.00000E+00
  52   1.36270E-01    7.18450E-08   216.700   1.59160E-10   1.00000E+00
  53   1.28010E-01    7.50000E-08   216.700   1.69880E-10   1.00000E+00
  54   1.20080E-01    7.78850E-08   216.700   1.80470E-10   1.00000E+00
  55   1.12480E-01    8.26860E-08   216.700   1.96060E-10   1.00000E+00
  56   1.05190E-01    8.71880E-08   216.700   2.11650E-10   9.99953E-01
  57   9.82240E-02    9.32100E-08   216.700   2.31750E-10   1.00000E+00
  58   9.15650E-02    9.98990E-08   216.700   2.54510E-10   9.99961E-01
  59   8.52090E-02    1.06510E-07   216.700   2.78200E-10   9.99964E-01
  60   7.91490E-02    1.13780E-07   216.700   3.04820E-10   9.99967E-01
  61   7.33810E-02    1.20050E-07   216.700   3.30060E-10   1.00000E+00
  62   6.78970E-02    1.25920E-07   216.700   3.55480E-10   1.00000E+00
  63   6.26920E-02    1.31270E-07   216.700   3.80770E-10   9.99974E-01
  64   5.77590E-02    1.37400E-07   216.700   4.09720E-10   1.00000E+00
  65   5.30910E-02    1.41010E-07   216.864   4.32580E-10   1.00002E+00
  66   4.86810E-02    1.41460E-07   217.355   4.46750E-10   9.99978E-01
  67   4.45230E-02    1.43090E-07   217.900   4.65540E-10   1.00000E+00
  68   4.06100E-02    1.45240E-07   218.491   4.87160E-10   1.00000E+00
  69   3.69350E-02    1.44380E-07   219.103   4.99670E-10   9.99980E-01
  70   3.34910E-02    1.41630E-07   219.737   5.06180E-10   1.00000E+00
  71   3.02700E-02    1.37190E-07   220.393   5.06800E-10   1.00000E+00
  72   2.72650E-02    1.32480E-07   221.073   5.06360E-10   1.00000E+00
  73   2.44680E-02    1.26310E-07   221.771   5.00010E-10   1.00004E+00
  74   2.18740E-02    1.17440E-07   222.480   4.82040E-10   1.00002E+00
  75   1.94720E-02    1.08620E-07   223.214   4.62850E-10   1.00002E+00
  76   1.72580E-02    1.00070E-07   223.980   4.43190E-10   1.00000E+00
  77   1.52210E-02    9.20200E-08   224.809   4.24200E-10   1.00000E+00
  78   1.33550E-02    8.42250E-08   225.679   4.04720E-10   1.00000E+00
  79   1.16530E-02    7.66700E-08   226.636   3.84660E-10   1.00000E+00
  80   1.01060E-02    6.94210E-08   227.853   3.64260E-10   1.00000E+00
  81   8.70620E-03    6.24540E-08   229.151   3.43400E-10   1.00003E+00
  82   7.44630E-03    5.54970E-08   231.163   3.20450E-10   1.00000E+00
  83   6.31830E-03    4.85420E-08   234.361   2.95000E-10   1.00000E+00
  84   5.31440E-03    4.15890E-08   237.751   2.66650E-10   1.00004E+00
  85   4.42680E-03    3.45560E-08   241.343   2.34460E-10   1.00000E+00
  86   3.64780E-03    2.78800E-08   245.224   2.00750E-10   1.00005E+00
  87   2.96970E-03    2.18220E-08   249.409   1.67350E-10   1.00000E+00
  88   2.38480E-03    1.60580E-08   253.939   1.31680E-10   1.00000E+00
  89   1.88550E-03    1.12840E-08   258.858   9.94070E-11   1.00003E+00
  90   1.46430E-03    7.63860E-09   264.213   7.26580E-11   1.00010E+00
  91   1.11390E-03    4.73130E-09   269.429   4.88590E-11   1.00006E+00
  92   8.26910E-04    2.72070E-09   270.403   3.07290E-11   9.99967E-01
  93   5.96370E-04    1.51350E-09   266.409   1.88390E-11   1.00011E+00
  94   4.15280E-04    7.65510E-10   260.486   1.06180E-11   9.99906E-01
  95   2.76900E-04    3.79720E-10   252.316   5.94000E-12   1.00015E+00
  96   1.74800E-04    1.72360E-10   243.031   3.08710E-12   9.99806E-01
  97   1.02710E-04    7.04080E-11   232.752   1.47660E-12   1.00020E+00
  98   5.47150E-05    2.02220E-11   221.308   5.10280E-13   9.99452E-01
  99   2.53190E-05    6.72330E-12   209.975   2.12500E-13   9.99671E-01
 100   9.36810E-06    3.11800E-12   198.141   1.32500E-13   9.98869E-01
