!  New ref profile : Gas 63 NumLayers =  100
!lay    press     partpress     temp     amount  ratio
!-------------------------------------------------------
   1   1.07120E+00    4.74060E-13   291.953   4.54400E-16   1.00000E+00
   2   1.04270E+00    5.18950E-13   290.487   5.04000E-16   9.99366E-01
   3   1.01460E+00    7.54600E-13   289.002   7.42590E-16   1.00000E+00
   4   9.86870E-01    9.95840E-13   287.497   9.93070E-16   9.99990E-01
   5   9.59550E-01    1.22630E-12   285.971   1.23930E-15   1.00000E+00
   6   9.32640E-01    1.44610E-12   284.425   1.48120E-15   1.00000E+00
   7   9.06120E-01    1.65530E-12   282.858   1.71860E-15   1.00000E+00
   8   8.80020E-01    1.85220E-12   281.282   1.94930E-15   1.00000E+00
   9   8.54320E-01    2.03470E-12   279.711   2.17090E-15   1.00000E+00
  10   8.29030E-01    2.20720E-12   278.119   2.38750E-15   1.00000E+00
  11   8.04150E-01    2.36970E-12   276.506   2.59920E-15   1.00000E+00
  12   7.79690E-01    2.66930E-12   274.878   2.96900E-15   1.00000E+00
  13   7.55630E-01    3.36590E-12   273.254   3.79670E-15   1.00000E+00
  14   7.31990E-01    4.05130E-12   271.609   4.63510E-15   1.00000E+00
  15   7.08770E-01    4.69930E-12   269.940   5.45380E-15   1.00000E+00
  16   6.85960E-01    5.30530E-12   268.258   6.24620E-15   1.00000E+00
  17   6.63570E-01    5.86320E-12   266.580   7.00410E-15   1.00000E+00
  18   6.41600E-01    6.38590E-12   264.877   7.74110E-15   1.00000E+00
  19   6.20050E-01    6.87440E-12   263.150   8.45710E-15   1.00000E+00
  20   5.98910E-01    7.58550E-12   261.416   9.47200E-15   9.99905E-01
  21   5.78190E-01    8.54490E-12   259.679   1.08320E-14   1.00000E+00
  22   5.57890E-01    9.44220E-12   257.915   1.21520E-14   1.00000E+00
  23   5.38010E-01    1.02770E-11   256.126   1.34300E-14   1.00000E+00
  24   5.18550E-01    1.10310E-11   254.341   1.46400E-14   1.00000E+00
  25   4.99500E-01    1.17190E-11   252.540   1.57970E-14   1.00000E+00
  26   4.80860E-01    1.23500E-11   250.711   1.69130E-14   1.00000E+00
  27   4.62650E-01    1.28430E-11   248.864   1.78690E-14   1.00000E+00
  28   4.44840E-01    1.30360E-11   247.021   1.84310E-14   1.00000E+00
  29   4.27450E-01    1.31810E-11   245.151   1.89410E-14   1.00000E+00
  30   4.10480E-01    1.32950E-11   243.251   1.94220E-14   1.00005E+00
  31   3.93910E-01    1.33700E-11   241.355   1.98560E-14   1.00000E+00
  32   3.77750E-01    1.34120E-11   239.444   2.02560E-14   1.00000E+00
  33   3.61990E-01    1.34280E-11   237.501   2.06270E-14   1.00000E+00
  34   3.46640E-01    1.31340E-11   235.543   2.05220E-14   1.00005E+00
  35   3.31700E-01    1.23370E-11   233.583   1.96140E-14   1.00000E+00
  36   3.17150E-01    1.15630E-11   231.590   1.87080E-14   1.00000E+00
  37   3.03000E-01    1.08210E-11   229.575   1.78210E-14   1.00006E+00
  38   2.89240E-01    1.01150E-11   227.590   1.69590E-14   1.00000E+00
  39   2.75880E-01    9.43930E-12   225.577   1.61160E-14   1.00000E+00
  40   2.62910E-01    8.78320E-12   223.529   1.52740E-14   1.00000E+00
  41   2.50320E-01    8.06250E-12   221.464   1.42850E-14   1.00000E+00
  42   2.38110E-01    7.35560E-12   219.365   1.32810E-14   1.00000E+00
  43   2.26290E-01    6.68660E-12   217.324   1.23060E-14   1.00000E+00
  44   2.14840E-01    6.05670E-12   216.773   1.13650E-14   1.00000E+00
  45   2.03760E-01    5.46350E-12   216.740   1.04560E-14   1.00000E+00
  46   1.93050E-01    4.93340E-12   216.707   9.63180E-15   9.99886E-01
  47   1.82700E-01    4.76250E-12   216.700   9.48840E-15   1.00001E+00
  48   1.72710E-01    4.68450E-12   216.700   9.52670E-15   1.00000E+00
  49   1.63080E-01    4.59900E-12   216.700   9.55010E-15   1.00000E+00
  50   1.53800E-01    4.50650E-12   216.700   9.55840E-15   1.00000E+00
  51   1.44860E-01    4.40750E-12   216.700   9.55220E-15   1.00001E+00
  52   1.36270E-01    4.52830E-12   216.700   1.00310E-14   9.99900E-01
  53   1.28010E-01    4.91290E-12   216.700   1.11280E-14   1.00000E+00
  54   1.20080E-01    5.24240E-12   216.700   1.21470E-14   1.00000E+00
  55   1.12480E-01    5.51800E-12   216.700   1.30840E-14   1.00000E+00
  56   1.05190E-01    5.74340E-12   216.700   1.39420E-14   9.99857E-01
  57   9.82240E-02    6.19410E-12   216.700   1.54000E-14   9.99935E-01
  58   9.15650E-02    6.76930E-12   216.700   1.72460E-14   1.00000E+00
  59   8.52090E-02    7.24750E-12   216.700   1.89300E-14   1.00000E+00
  60   7.91490E-02    7.63380E-12   216.700   2.04510E-14   1.00000E+00
  61   7.33810E-02    7.97860E-12   216.700   2.19370E-14   1.00000E+00
  62   6.78970E-02    8.34810E-12   216.700   2.35680E-14   1.00000E+00
  63   6.26920E-02    8.62880E-12   216.700   2.50290E-14   1.00000E+00
  64   5.77590E-02    8.81970E-12   216.700   2.63000E-14   1.00000E+00
  65   5.30910E-02    8.95480E-12   216.864   2.74710E-14   1.00000E+00
  66   4.86810E-02    9.05770E-12   217.355   2.86040E-14   9.99965E-01
  67   4.45230E-02    9.08400E-12   217.900   2.95540E-14   1.00000E+00
  68   4.06100E-02    9.03480E-12   218.491   3.03040E-14   1.00003E+00
  69   3.69350E-02    8.86950E-12   219.103   3.06950E-14   1.00000E+00
  70   3.34910E-02    8.63830E-12   219.737   3.08730E-14   1.00000E+00
  71   3.02700E-02    8.36210E-12   220.393   3.08910E-14   1.00000E+00
  72   2.72650E-02    7.93620E-12   221.073   3.03340E-14   1.00003E+00
  73   2.44680E-02    7.35570E-12   221.771   2.91180E-14   1.00003E+00
  74   2.18740E-02    6.58850E-12   222.480   2.70440E-14   1.00004E+00
  75   1.94720E-02    5.86890E-12   223.214   2.50070E-14   1.00000E+00
  76   1.72580E-02    5.15190E-12   223.980   2.28180E-14   1.00013E+00
  77   1.52210E-02    4.17600E-12   224.809   1.92510E-14   1.00000E+00
  78   1.33550E-02    3.27360E-12   225.679   1.57300E-14   1.00000E+00
  79   1.16530E-02    2.49200E-12   226.636   1.25020E-14   1.00000E+00
  80   1.01060E-02    1.79800E-12   227.853   9.43410E-15   1.00003E+00
  81   8.70620E-03    1.21830E-12   229.151   6.69880E-15   1.00004E+00
  82   7.44630E-03    7.66720E-13   231.163   4.42720E-15   9.99977E-01
  83   6.31830E-03    4.35290E-13   234.361   2.64540E-15   1.00011E+00
  84   5.31440E-03    2.13690E-13   237.751   1.37010E-15   9.99562E-01
  85   4.42680E-03    9.85510E-14   241.343   6.68670E-16   1.00003E+00
  86   3.64780E-03    4.02090E-14   245.224   2.89530E-16   1.00010E+00
  87   2.96970E-03    1.48290E-14   249.409   1.13720E-16   9.99736E-01
  88   2.38480E-03    4.95340E-15   253.939   4.06200E-17   1.00017E+00
  89   1.88550E-03    1.43250E-15   258.858   1.26200E-17   9.98892E-01
  90   1.46430E-03    3.97480E-16   264.213   3.78080E-18   9.98811E-01
  91   1.11390E-03    9.74120E-17   269.429   1.00590E-18   9.99801E-01
  92   8.26910E-04    2.15540E-17   270.403   2.43450E-19   9.98769E-01
  93   5.96370E-04    6.28630E-18   266.409   7.82460E-20   1.00023E+00
  94   4.15280E-04    1.39630E-18   260.486   1.93680E-20   9.97939E-01
  95   2.76900E-04    3.28290E-19   252.316   5.13540E-21   1.00043E+00
  96   1.74800E-04    4.98820E-20   243.031   8.93440E-22   9.93053E-01
  97   1.02710E-04    9.90180E-21   232.752   2.07670E-22   1.00034E+00
  98   5.47150E-05    2.11540E-21   221.308   5.33810E-23   9.99925E-01
  99   2.53190E-05    2.97610E-22   209.975   9.40640E-24   9.99394E-01
 100   9.36810E-06    1.10160E-23   198.141   4.68130E-25   9.94646E-01
