!  New ref profile : Gas 26 NumLayers =  100
!lay    press     partpress     temp     amount  ratio
!-------------------------------------------------------
   1   1.07120E+00    4.00520E-10   291.953   3.83920E-13   1.00003E+00
   2   1.04270E+00    3.59770E-10   290.487   3.49410E-13   1.00000E+00
   3   1.01460E+00    3.20400E-10   289.002   3.15300E-13   1.00000E+00
   4   9.86870E-01    2.82400E-10   287.497   2.81610E-13   1.00000E+00
   5   9.59550E-01    2.45760E-10   285.971   2.48370E-13   1.00004E+00
   6   9.32640E-01    2.10470E-10   284.425   2.15580E-13   1.00005E+00
   7   9.06120E-01    1.76520E-10   282.858   1.83260E-13   1.00000E+00
   8   8.80020E-01    1.47340E-10   281.282   1.55060E-13   9.99936E-01
   9   8.54320E-01    1.27000E-10   279.711   1.35490E-13   1.00000E+00
  10   8.29030E-01    1.07750E-10   278.119   1.16550E-13   1.00000E+00
  11   8.04150E-01    8.92830E-11   276.506   9.79270E-14   1.00000E+00
  12   7.79690E-01    7.39480E-11   274.878   8.22490E-14   9.99988E-01
  13   7.55630E-01    6.59140E-11   273.254   7.43510E-14   1.00000E+00
  14   7.31990E-01    5.86080E-11   271.609   6.70540E-14   1.00001E+00
  15   7.08770E-01    5.15980E-11   269.940   5.98820E-14   1.00002E+00
  16   6.85960E-01    4.55130E-11   268.258   5.35860E-14   9.99963E-01
  17   6.63570E-01    4.11110E-11   266.580   4.91110E-14   1.00002E+00
  18   6.41600E-01    3.69430E-11   264.877   4.47840E-14   1.00002E+00
  19   6.20050E-01    3.29500E-11   263.150   4.05370E-14   1.00002E+00
  20   5.98910E-01    2.95860E-11   261.416   3.69440E-14   9.99973E-01
  21   5.78190E-01    2.68930E-11   259.679   3.40900E-14   1.00003E+00
  22   5.57890E-01    2.43140E-11   257.915   3.12910E-14   1.00000E+00
  23   5.38010E-01    2.18620E-11   256.126   2.85700E-14   1.00000E+00
  24   5.18550E-01    1.98230E-11   254.341   2.63080E-14   1.00000E+00
  25   4.99500E-01    1.79880E-11   252.540   2.42480E-14   1.00000E+00
  26   4.80860E-01    1.62340E-11   250.711   2.22320E-14   1.00000E+00
  27   4.62650E-01    1.46920E-11   248.864   2.04430E-14   1.00000E+00
  28   4.44840E-01    1.36090E-11   247.021   1.92420E-14   1.00000E+00
  29   4.27450E-01    1.25970E-11   245.151   1.81030E-14   1.00000E+00
  30   4.10480E-01    1.16330E-11   243.251   1.69930E-14   1.00000E+00
  31   3.93910E-01    1.08260E-11   241.355   1.60780E-14   1.00000E+00
  32   3.77750E-01    1.01040E-11   239.444   1.52600E-14   1.00000E+00
  33   3.61990E-01    9.41230E-12   237.501   1.44580E-14   1.00007E+00
  34   3.46640E-01    8.78850E-12   235.543   1.37320E-14   9.99927E-01
  35   3.31700E-01    8.25820E-12   233.583   1.31290E-14   1.00000E+00
  36   3.17150E-01    7.75020E-12   231.590   1.25390E-14   1.00000E+00
  37   3.03000E-01    7.26620E-12   229.575   1.19660E-14   1.00000E+00
  38   2.89240E-01    6.81810E-12   227.590   1.14310E-14   9.99913E-01
  39   2.75880E-01    6.39030E-12   225.577   1.09110E-14   1.00000E+00
  40   2.62910E-01    5.97680E-12   223.529   1.03940E-14   1.00000E+00
  41   2.50320E-01    5.54810E-12   221.464   9.82990E-15   1.00000E+00
  42   2.38110E-01    5.13150E-12   219.365   9.26490E-15   1.00000E+00
  43   2.26290E-01    4.73070E-12   217.324   8.70650E-15   1.00002E+00
  44   2.14840E-01    4.28580E-12   216.773   8.04220E-15   1.00000E+00
  45   2.03760E-01    3.84500E-12   216.740   7.35860E-15   1.00003E+00
  46   1.93050E-01    3.42200E-12   216.707   6.68100E-15   1.00004E+00
  47   1.82700E-01    2.92750E-12   216.700   5.83250E-15   1.00000E+00
  48   1.72710E-01    2.43990E-12   216.700   4.96190E-15   1.00000E+00
  49   1.63080E-01    1.99100E-12   216.700   4.13450E-15   1.00000E+00
  50   1.53800E-01    1.59020E-12   216.700   3.37280E-15   1.00000E+00
  51   1.44860E-01    1.22290E-12   216.700   2.65030E-15   1.00000E+00
  52   1.36270E-01    9.35220E-13   216.700   2.07170E-15   9.99904E-01
  53   1.28010E-01    7.35550E-13   216.700   1.66610E-15   1.00000E+00
  54   1.20080E-01    5.57050E-13   216.700   1.29070E-15   9.99923E-01
  55   1.12480E-01    4.24700E-13   216.700   1.00700E-15   1.00000E+00
  56   1.05190E-01    3.10770E-13   216.700   7.54420E-16   9.99907E-01
  57   9.82240E-02    2.28980E-13   216.700   5.69320E-16   1.00002E+00
  58   9.15650E-02    1.70760E-13   216.700   4.35060E-16   1.00002E+00
  59   8.52090E-02    1.23100E-13   216.700   3.21540E-16   9.99876E-01
  60   7.91490E-02    8.86210E-14   216.700   2.37420E-16   1.00004E+00
  61   7.33810E-02    6.11540E-14   216.700   1.68140E-16   9.99822E-01
  62   6.78970E-02    4.49420E-14   216.700   1.26880E-16   1.00008E+00
  63   6.26920E-02    3.18180E-14   216.700   9.22930E-17   9.99913E-01
  64   5.77590E-02    2.25380E-14   216.700   6.72080E-17   1.00003E+00
  65   5.30910E-02    1.53890E-14   216.864   4.72090E-17   9.99852E-01
  66   4.86810E-02    1.08020E-14   217.355   3.41120E-17   9.99941E-01
  67   4.45230E-02    7.27790E-15   217.900   2.36780E-17   1.00000E+00
  68   4.06100E-02    4.64750E-15   218.491   1.55880E-17   9.99808E-01
  69   3.69350E-02    2.97680E-15   219.103   1.03020E-17   1.00000E+00
  70   3.34910E-02    1.77460E-15   219.737   6.34210E-18   9.99921E-01
  71   3.02700E-02    9.03890E-16   220.393   3.33920E-18   1.00003E+00
  72   2.72650E-02    4.30210E-16   221.073   1.64430E-18   1.00006E+00
  73   2.44680E-02    2.07020E-16   221.771   8.19530E-19   9.98830E-01
  74   2.18740E-02    1.50710E-16   222.480   6.18600E-19   1.00003E+00
  75   1.94720E-02    1.07840E-16   223.214   4.59520E-19   1.00004E+00
  76   1.72580E-02    7.30930E-17   223.980   3.23730E-19   9.99876E-01
  77   1.52210E-02    5.45150E-17   224.809   2.51310E-19   1.00004E+00
  78   1.33550E-02    4.05410E-17   225.679   1.94810E-19   1.00005E+00
  79   1.16530E-02    2.94570E-17   226.636   1.47790E-19   1.00000E+00
  80   1.01060E-02    2.28870E-17   227.853   1.20090E-19   1.00000E+00
  81   8.70620E-03    1.75860E-17   229.151   9.66980E-20   1.00003E+00
  82   7.44630E-03    1.34060E-17   231.163   7.74080E-20   9.99974E-01
  83   6.31830E-03    1.03080E-17   234.361   6.26470E-20   1.00003E+00
  84   5.31440E-03    7.87180E-18   237.751   5.04710E-20   9.99980E-01
  85   4.42680E-03    6.05820E-18   241.343   4.11050E-20   1.00002E+00
  86   3.64780E-03    4.65560E-18   245.224   3.35220E-20   1.00003E+00
  87   2.96970E-03    3.56010E-18   249.409   2.73030E-20   1.00004E+00
  88   2.38480E-03    2.69080E-18   253.939   2.20660E-20   1.00005E+00
  89   1.88550E-03    2.00060E-18   258.858   1.76230E-20   1.00000E+00
  90   1.46430E-03    1.46120E-18   264.213   1.38990E-20   1.00007E+00
  91   1.11390E-03    1.04930E-18   269.429   1.08360E-20   1.00000E+00
  92   8.26910E-04    7.38850E-19   270.403   8.34500E-21   9.99988E-01
  93   5.96370E-04    5.16540E-19   266.409   6.42940E-21   1.00005E+00
  94   4.15280E-04    3.50550E-19   260.486   4.86240E-21   1.00004E+00
  95   2.76900E-04    2.28090E-19   252.316   3.56800E-21   1.00006E+00
  96   1.74800E-04    1.40450E-19   243.031   2.51560E-21   1.00004E+00
  97   1.02710E-04    8.05390E-20   232.752   1.68910E-21   1.00006E+00
  98   5.47150E-05    4.18600E-20   221.308   1.05630E-21   1.00009E+00
  99   2.53190E-05    1.88810E-20   209.975   5.96750E-22   1.00008E+00
 100   9.36810E-06    6.80970E-21   198.141   2.89370E-22   1.00010E+00
