!  New ref profile : Gas 20 NumLayers =  100
!lay    press     partpress     temp     amount  ratio
!-------------------------------------------------------
   1   1.07120E+00    3.39340E-09   291.953   3.25270E-12   1.00000E+00
   2   1.04270E+00    2.99040E-09   290.487   2.90430E-12   1.00000E+00
   3   1.01460E+00    2.60150E-09   289.002   2.56010E-12   1.00000E+00
   4   9.86870E-01    2.22650E-09   287.497   2.22030E-12   1.00000E+00
   5   9.59550E-01    1.86540E-09   285.971   1.88520E-12   1.00000E+00
   6   9.32640E-01    1.51800E-09   284.425   1.55490E-12   1.00000E+00
   7   9.06120E-01    1.18430E-09   282.858   1.22960E-12   1.00008E+00
   8   8.80020E-01    9.07710E-10   281.282   9.55280E-13   9.99843E-01
   9   8.54320E-01    7.40010E-10   279.711   7.89530E-13   1.00001E+00
  10   8.29030E-01    5.82920E-10   278.119   6.30550E-13   1.00002E+00
  11   8.04150E-01    4.32460E-10   276.506   4.74330E-13   1.00002E+00
  12   7.79690E-01    3.12480E-10   274.878   3.47550E-13   9.99971E-01
  13   7.55630E-01    2.65240E-10   273.254   2.99200E-13   1.00003E+00
  14   7.31990E-01    2.24150E-10   271.609   2.56450E-13   1.00000E+00
  15   7.08770E-01    1.84820E-10   269.940   2.14490E-13   1.00000E+00
  16   6.85960E-01    1.52100E-10   268.258   1.79080E-13   9.99888E-01
  17   6.63570E-01    1.31800E-10   266.580   1.57450E-13   1.00000E+00
  18   6.41600E-01    1.12820E-10   264.877   1.36760E-13   1.00000E+00
  19   6.20050E-01    9.46920E-11   263.150   1.16490E-13   1.00000E+00
  20   5.98910E-01    8.09660E-11   261.416   1.01100E-13   9.99901E-01
  21   5.78190E-01    7.19770E-11   259.679   9.12400E-14   1.00001E+00
  22   5.57890E-01    6.33950E-11   257.915   8.15880E-14   1.00000E+00
  23   5.38010E-01    5.52870E-11   256.126   7.22490E-14   9.99959E-01
  24   5.18550E-01    4.90800E-11   254.341   6.51370E-14   1.00000E+00
  25   4.99500E-01    4.37350E-11   252.540   5.89560E-14   1.00002E+00
  26   4.80860E-01    3.86390E-11   250.711   5.29130E-14   1.00000E+00
  27   4.62650E-01    3.41630E-11   248.864   4.75340E-14   1.00000E+00
  28   4.44840E-01    3.10090E-11   247.021   4.38440E-14   1.00000E+00
  29   4.27450E-01    2.80750E-11   245.151   4.03440E-14   1.00000E+00
  30   4.10480E-01    2.52900E-11   243.251   3.69430E-14   1.00000E+00
  31   3.93910E-01    2.29530E-11   241.355   3.40890E-14   1.00000E+00
  32   3.77750E-01    2.08670E-11   239.444   3.15150E-14   1.00000E+00
  33   3.61990E-01    1.88830E-11   237.501   2.90050E-14   1.00003E+00
  34   3.46640E-01    1.70940E-11   235.543   2.67100E-14   1.00000E+00
  35   3.31700E-01    1.55640E-11   233.583   2.47430E-14   1.00000E+00
  36   3.17150E-01    1.41130E-11   231.590   2.28330E-14   1.00000E+00
  37   3.03000E-01    1.27690E-11   229.575   2.10290E-14   1.00000E+00
  38   2.89240E-01    1.16440E-11   227.590   1.95220E-14   9.99949E-01
  39   2.75880E-01    1.05940E-11   225.577   1.80880E-14   1.00000E+00
  40   2.62910E-01    9.62460E-12   223.529   1.67380E-14   1.00000E+00
  41   2.50320E-01    8.94550E-12   221.464   1.58490E-14   1.00000E+00
  42   2.38110E-01    8.35560E-12   219.365   1.50860E-14   1.00000E+00
  43   2.26290E-01    7.79720E-12   217.324   1.43500E-14   1.00000E+00
  44   2.14840E-01    7.34610E-12   216.773   1.37850E-14   1.00000E+00
  45   2.03760E-01    6.93980E-12   216.740   1.32810E-14   1.00000E+00
  46   1.93050E-01    6.55450E-12   216.707   1.27970E-14   1.00000E+00
  47   1.82700E-01    6.25330E-12   216.700   1.24590E-14   1.00008E+00
  48   1.72710E-01    5.97950E-12   216.700   1.21600E-14   1.00000E+00
  49   1.63080E-01    5.71240E-12   216.700   1.18620E-14   1.00000E+00
  50   1.53800E-01    5.45560E-12   216.700   1.15710E-14   1.00000E+00
  51   1.44860E-01    5.20480E-12   216.700   1.12800E-14   1.00000E+00
  52   1.36270E-01    4.93260E-12   216.700   1.09270E-14   1.00000E+00
  53   1.28010E-01    4.63380E-12   216.700   1.04960E-14   1.00000E+00
  54   1.20080E-01    4.34500E-12   216.700   1.00680E-14   1.00000E+00
  55   1.12480E-01    4.05420E-12   216.700   9.61320E-15   1.00000E+00
  56   1.05190E-01    3.77380E-12   216.700   9.16100E-15   1.00002E+00
  57   9.82240E-02    3.49690E-12   216.700   8.69420E-15   1.00000E+00
  58   9.15650E-02    3.22690E-12   216.700   8.22130E-15   1.00000E+00
  59   8.52090E-02    2.97160E-12   216.700   7.76170E-15   1.00001E+00
  60   7.91490E-02    2.73060E-12   216.700   7.31520E-15   1.00000E+00
  61   7.33810E-02    2.50790E-12   216.700   6.89530E-15   1.00001E+00
  62   6.78970E-02    2.30980E-12   216.700   6.52080E-15   1.00000E+00
  63   6.26920E-02    2.12900E-12   216.700   6.17540E-15   1.00000E+00
  64   5.77590E-02    1.97270E-12   216.700   5.88260E-15   1.00002E+00
  65   5.30910E-02    1.84500E-12   216.864   5.65990E-15   9.99965E-01
  66   4.86810E-02    1.75840E-12   217.355   5.55290E-15   9.99982E-01
  67   4.45230E-02    1.68520E-12   217.900   5.48280E-15   1.00000E+00
  68   4.06100E-02    1.62260E-12   218.491   5.44240E-15   9.99982E-01
  69   3.69350E-02    1.57580E-12   219.103   5.45350E-15   1.00000E+00
  70   3.34910E-02    1.53350E-12   219.737   5.48050E-15   9.99982E-01
  71   3.02700E-02    1.49720E-12   220.393   5.53110E-15   1.00000E+00
  72   2.72650E-02    1.47750E-12   221.073   5.64740E-15   1.00002E+00
  73   2.44680E-02    1.44730E-12   221.771   5.72930E-15   1.00002E+00
  74   2.18740E-02    1.38440E-12   222.480   5.68260E-15   1.00000E+00
  75   1.94720E-02    1.31520E-12   223.214   5.60420E-15   1.00002E+00
  76   1.72580E-02    1.24270E-12   223.980   5.50390E-15   1.00000E+00
  77   1.52210E-02    1.17230E-12   224.809   5.40420E-15   1.00002E+00
  78   1.33550E-02    1.09920E-12   225.679   5.28200E-15   1.00002E+00
  79   1.16530E-02    1.02150E-12   226.636   5.12500E-15   1.00000E+00
  80   1.01060E-02    9.35680E-13   227.853   4.90960E-15   1.00000E+00
  81   8.70620E-03    8.50320E-13   229.151   4.67540E-15   1.00000E+00
  82   7.44630E-03    7.65070E-13   231.163   4.41770E-15   1.00000E+00
  83   6.31830E-03    6.80410E-13   234.361   4.13500E-15   1.00000E+00
  84   5.31440E-03    5.91650E-13   237.751   3.79340E-15   1.00005E+00
  85   4.42680E-03    4.97840E-13   241.343   3.37780E-15   1.00003E+00
  86   3.64780E-03    4.00790E-13   245.224   2.88590E-15   1.00003E+00
  87   2.96970E-03    3.08670E-13   249.409   2.36720E-15   1.00004E+00
  88   2.38480E-03    2.16810E-13   253.939   1.77800E-15   1.00006E+00
  89   1.88550E-03    1.36310E-13   258.858   1.20080E-15   1.00017E+00
  90   1.46430E-03    7.00030E-14   264.213   6.65870E-16   1.00017E+00
  91   1.11390E-03    2.39060E-14   269.429   2.46880E-16   9.99960E-01
  92   8.26910E-04    6.23930E-15   270.403   7.04700E-17   9.98852E-01
  93   5.96370E-04    2.24140E-15   266.409   2.78990E-17   1.00018E+00
  94   4.15280E-04    8.95040E-16   260.486   1.24150E-17   9.99517E-01
  95   2.76900E-04    3.92560E-16   252.316   6.14080E-18   1.00018E+00
  96   1.74800E-04    1.65490E-16   243.031   2.96400E-18   9.99427E-01
  97   1.02710E-04    7.14730E-17   232.752   1.49900E-18   1.00020E+00
  98   5.47150E-05    2.95410E-17   221.308   7.45440E-19   1.00004E+00
  99   2.53190E-05    1.09690E-17   209.975   3.46700E-19   1.00009E+00
 100   9.36810E-06    3.33250E-18   198.141   1.41610E-19   1.00014E+00
