!  New ref profile : Gas  8 NumLayers =  100
!lay    press     partpress     temp     amount  ratio
!-------------------------------------------------------
   1   1.07120E+00    3.21360E-10   291.953   3.08040E-13   1.00000E+00
   2   1.04270E+00    3.12810E-10   290.487   3.03800E-13   1.00000E+00
   3   1.01460E+00    3.04380E-10   289.002   2.99530E-13   1.00000E+00
   4   9.86870E-01    2.96060E-10   287.497   2.95240E-13   1.00000E+00
   5   9.59550E-01    2.87870E-10   285.971   2.90930E-13   1.00003E+00
   6   9.32640E-01    2.79800E-10   284.425   2.86580E-13   1.00000E+00
   7   9.06120E-01    2.71840E-10   282.858   2.82220E-13   1.00000E+00
   8   8.80020E-01    2.64010E-10   281.282   2.77840E-13   1.00000E+00
   9   8.54320E-01    2.56300E-10   279.711   2.73450E-13   1.00000E+00
  10   8.29030E-01    2.48710E-10   278.119   2.69040E-13   1.00004E+00
  11   8.04150E-01    2.41250E-10   276.506   2.64610E-13   1.00000E+00
  12   7.79690E-01    2.33910E-10   274.878   2.60170E-13   1.00000E+00
  13   7.55630E-01    2.26690E-10   273.254   2.55710E-13   1.00000E+00
  14   7.31990E-01    2.19600E-10   271.609   2.51250E-13   1.00000E+00
  15   7.08770E-01    2.12630E-10   269.940   2.46770E-13   1.00000E+00
  16   6.85960E-01    2.05790E-10   268.258   2.42290E-13   1.00000E+00
  17   6.63570E-01    1.99080E-10   266.580   2.37820E-13   1.00004E+00
  18   6.41600E-01    1.92480E-10   264.877   2.33330E-13   1.00000E+00
  19   6.20050E-01    1.86020E-10   263.150   2.28850E-13   1.00000E+00
  20   5.98910E-01    1.79680E-10   261.416   2.24360E-13   1.00000E+00
  21   5.78190E-01    1.73460E-10   259.679   2.19880E-13   1.00000E+00
  22   5.57890E-01    1.67370E-10   257.915   2.15400E-13   1.00000E+00
  23   5.38010E-01    1.61410E-10   256.126   2.10930E-13   1.00000E+00
  24   5.18550E-01    1.55570E-10   254.341   2.06460E-13   1.00000E+00
  25   4.99500E-01    1.49850E-10   252.540   2.02010E-13   1.00005E+00
  26   4.80860E-01    1.44260E-10   250.711   1.97560E-13   1.00000E+00
  27   4.62650E-01    1.38800E-10   248.864   1.93120E-13   1.00000E+00
  28   4.44840E-01    1.33460E-10   247.021   1.88690E-13   1.00000E+00
  29   4.27450E-01    1.28240E-10   245.151   1.84280E-13   1.00000E+00
  30   4.10480E-01    1.23150E-10   243.251   1.79890E-13   1.00000E+00
  31   3.93910E-01    1.18180E-10   241.355   1.75510E-13   1.00000E+00
  32   3.77750E-01    1.13330E-10   239.444   1.71150E-13   1.00000E+00
  33   3.61990E-01    1.08600E-10   237.501   1.66810E-13   1.00000E+00
  34   3.46640E-01    1.04000E-10   235.543   1.62500E-13   1.00000E+00
  35   3.31700E-01    9.95120E-11   233.583   1.58200E-13   9.99937E-01
  36   3.17150E-01    9.51480E-11   231.590   1.53940E-13   1.00000E+00
  37   3.03000E-01    9.09030E-11   229.575   1.49700E-13   1.00000E+00
  38   2.89240E-01    8.67760E-11   227.590   1.45490E-13   1.00000E+00
  39   2.75880E-01    8.27670E-11   225.577   1.41310E-13   1.00000E+00
  40   2.62910E-01    7.88750E-11   223.529   1.37170E-13   1.00000E+00
  41   2.50320E-01    7.50990E-11   221.464   1.33060E-13   1.00000E+00
  42   2.38110E-01    7.14370E-11   219.365   1.28980E-13   1.00000E+00
  43   2.26290E-01    6.78890E-11   217.324   1.24940E-13   1.00000E+00
  44   2.14840E-01    6.44520E-11   216.773   1.20940E-13   1.00000E+00
  45   2.03760E-01    6.11280E-11   216.740   1.16990E-13   1.00009E+00
  46   1.93050E-01    5.79100E-11   216.707   1.13060E-13   1.00000E+00
  47   1.82700E-01    5.47560E-11   216.700   1.09090E-13   1.00000E+00
  48   1.72710E-01    5.17010E-11   216.700   1.05140E-13   1.00000E+00
  49   1.63080E-01    4.87300E-11   216.700   1.01190E-13   1.00000E+00
  50   1.53800E-01    4.57430E-11   216.700   9.70230E-14   1.00000E+00
  51   1.44860E-01    4.28640E-11   216.700   9.28990E-14   1.00001E+00
  52   1.36270E-01    3.99290E-11   216.700   8.84520E-14   1.00001E+00
  53   1.28010E-01    3.68990E-11   216.700   8.35790E-14   1.00000E+00
  54   1.20080E-01    3.40130E-11   216.700   7.88110E-14   1.00001E+00
  55   1.12480E-01    3.11800E-11   216.700   7.39320E-14   1.00000E+00
  56   1.05190E-01    2.84890E-11   216.700   6.91570E-14   1.00001E+00
  57   9.82240E-02    2.59330E-11   216.700   6.44770E-14   1.00000E+00
  58   9.15650E-02    2.35180E-11   216.700   5.99170E-14   1.00000E+00
  59   8.52090E-02    2.13150E-11   216.700   5.56720E-14   1.00000E+00
  60   7.91490E-02    1.93510E-11   216.700   5.18410E-14   1.00000E+00
  61   7.33810E-02    1.76650E-11   216.700   4.85690E-14   9.99979E-01
  62   6.78970E-02    1.64590E-11   216.700   4.64670E-14   1.00000E+00
  63   6.26920E-02    1.53830E-11   216.700   4.46210E-14   9.99978E-01
  64   5.77590E-02    1.44970E-11   216.700   4.32290E-14   1.00000E+00
  65   5.30910E-02    1.37460E-11   216.864   4.21680E-14   9.99976E-01
  66   4.86810E-02    1.31930E-11   217.355   4.16650E-14   9.99976E-01
  67   4.45230E-02    1.27340E-11   217.900   4.14290E-14   1.00000E+00
  68   4.06100E-02    1.23630E-11   218.491   4.14680E-14   9.99952E-01
  69   3.69350E-02    1.23240E-11   219.103   4.26500E-14   1.00000E+00
  70   3.34910E-02    1.25060E-11   219.737   4.46960E-14   9.99933E-01
  71   3.02700E-02    1.31350E-11   220.393   4.85230E-14   9.99979E-01
  72   2.72650E-02    1.53130E-11   221.073   5.85270E-14   9.99983E-01
  73   2.44680E-02    1.78070E-11   221.771   7.04910E-14   9.99986E-01
  74   2.18740E-02    1.97530E-11   222.480   8.10780E-14   1.00000E+00
  75   1.94720E-02    2.11270E-11   223.214   9.00240E-14   1.00000E+00
  76   1.72580E-02    2.23470E-11   223.980   9.89730E-14   9.99879E-01
  77   1.52210E-02    2.52480E-11   224.809   1.16390E-13   1.00000E+00
  78   1.33550E-02    2.75870E-11   225.679   1.32560E-13   9.99925E-01
  79   1.16530E-02    2.96010E-11   226.636   1.48510E-13   9.99933E-01
  80   1.01060E-02    3.28810E-11   227.853   1.72530E-13   1.00000E+00
  81   8.70620E-03    3.50420E-11   229.151   1.92680E-13   1.00000E+00
  82   7.44630E-03    3.71870E-11   231.163   2.14730E-13   9.99907E-01
  83   6.31830E-03    3.96790E-11   234.361   2.41140E-13   9.99959E-01
  84   5.31440E-03    4.02120E-11   237.751   2.57830E-13   1.00004E+00
  85   4.42680E-03    3.89610E-11   241.343   2.64350E-13   1.00004E+00
  86   3.64780E-03    3.61630E-11   245.224   2.60390E-13   1.00000E+00
  87   2.96970E-03    3.24480E-11   249.409   2.48850E-13   1.00004E+00
  88   2.38480E-03    2.75560E-11   253.939   2.25970E-13   1.00000E+00
  89   1.88550E-03    2.23200E-11   258.858   1.96620E-13   1.00005E+00
  90   1.46430E-03    1.70420E-11   264.213   1.62100E-13   1.00006E+00
  91   1.11390E-03    1.23430E-11   269.429   1.27460E-13   1.00000E+00
  92   8.26910E-04    8.64430E-12   270.403   9.76340E-14   9.99969E-01
  93   5.96370E-04    6.09430E-12   266.409   7.58550E-14   1.00004E+00
  94   4.15280E-04    4.20380E-12   260.486   5.83100E-14   1.00002E+00
  95   2.76900E-04    2.80010E-12   252.316   4.38030E-14   1.00005E+00
  96   1.74800E-04    1.77850E-12   243.031   3.18550E-14   1.00003E+00
  97   1.02710E-04    1.07340E-12   232.752   2.25110E-14   1.00000E+00
  98   5.47150E-05    6.36260E-13   221.308   1.60550E-14   9.99626E-01
  99   2.53190E-05    4.06360E-13   209.975   1.28430E-14   9.99300E-01
 100   9.36810E-06    3.15570E-13   198.141   1.34100E-14   9.97545E-01
