!  New ref profile : Gas 17 NumLayers =  100
!lay    press     partpress     temp     amount  ratio
!-------------------------------------------------------
   1   1.07120E+00    3.21360E-12   291.953   3.08040E-15   1.00000E+00
   2   1.04270E+00    3.12810E-12   290.487   3.03800E-15   1.00000E+00
   3   1.01460E+00    3.04380E-12   289.002   2.99530E-15   1.00000E+00
   4   9.86870E-01    2.96060E-12   287.497   2.95240E-15   1.00000E+00
   5   9.59550E-01    2.87870E-12   285.971   2.90930E-15   1.00003E+00
   6   9.32640E-01    2.79800E-12   284.425   2.86580E-15   1.00000E+00
   7   9.06120E-01    2.71840E-12   282.858   2.82220E-15   1.00000E+00
   8   8.80020E-01    2.64010E-12   281.282   2.77840E-15   1.00000E+00
   9   8.54320E-01    2.56300E-12   279.711   2.73450E-15   1.00000E+00
  10   8.29030E-01    2.48710E-12   278.119   2.69040E-15   1.00004E+00
  11   8.04150E-01    2.41250E-12   276.506   2.64610E-15   1.00000E+00
  12   7.79690E-01    2.33910E-12   274.878   2.60170E-15   1.00000E+00
  13   7.55630E-01    2.26690E-12   273.254   2.55710E-15   1.00000E+00
  14   7.31990E-01    2.19600E-12   271.609   2.51250E-15   1.00000E+00
  15   7.08770E-01    2.12630E-12   269.940   2.46770E-15   1.00000E+00
  16   6.85960E-01    2.05790E-12   268.258   2.42290E-15   1.00000E+00
  17   6.63570E-01    1.99080E-12   266.580   2.37820E-15   1.00004E+00
  18   6.41600E-01    1.92480E-12   264.877   2.33330E-15   1.00000E+00
  19   6.20050E-01    1.86020E-12   263.150   2.28850E-15   1.00000E+00
  20   5.98910E-01    1.79680E-12   261.416   2.24360E-15   1.00000E+00
  21   5.78190E-01    1.73460E-12   259.679   2.19880E-15   1.00000E+00
  22   5.57890E-01    1.67370E-12   257.915   2.15400E-15   1.00000E+00
  23   5.38010E-01    1.61410E-12   256.126   2.10930E-15   1.00000E+00
  24   5.18550E-01    1.55570E-12   254.341   2.06460E-15   1.00000E+00
  25   4.99500E-01    1.49850E-12   252.540   2.02010E-15   1.00005E+00
  26   4.80860E-01    1.44260E-12   250.711   1.97560E-15   1.00000E+00
  27   4.62650E-01    1.38800E-12   248.864   1.93120E-15   1.00000E+00
  28   4.44840E-01    1.33460E-12   247.021   1.88690E-15   1.00000E+00
  29   4.27450E-01    1.28240E-12   245.151   1.84280E-15   1.00000E+00
  30   4.10480E-01    1.23150E-12   243.251   1.79890E-15   1.00000E+00
  31   3.93910E-01    1.18180E-12   241.355   1.75510E-15   1.00000E+00
  32   3.77750E-01    1.13330E-12   239.444   1.71150E-15   1.00000E+00
  33   3.61990E-01    1.08600E-12   237.501   1.66810E-15   1.00000E+00
  34   3.46640E-01    1.04000E-12   235.543   1.62500E-15   1.00000E+00
  35   3.31700E-01    9.95120E-13   233.583   1.58200E-15   9.99937E-01
  36   3.17150E-01    9.51480E-13   231.590   1.53940E-15   1.00000E+00
  37   3.03000E-01    9.09030E-13   229.575   1.49700E-15   1.00000E+00
  38   2.89240E-01    8.67760E-13   227.590   1.45490E-15   1.00000E+00
  39   2.75880E-01    8.27670E-13   225.577   1.41310E-15   1.00000E+00
  40   2.62910E-01    7.88750E-13   223.529   1.37170E-15   1.00000E+00
  41   2.50320E-01    7.50990E-13   221.464   1.33060E-15   1.00000E+00
  42   2.38110E-01    7.14370E-13   219.365   1.28980E-15   1.00000E+00
  43   2.26290E-01    6.78890E-13   217.324   1.24940E-15   1.00000E+00
  44   2.14840E-01    6.44520E-13   216.773   1.20940E-15   1.00000E+00
  45   2.03760E-01    6.11280E-13   216.740   1.16990E-15   1.00009E+00
  46   1.93050E-01    5.79140E-13   216.707   1.13070E-15   1.00000E+00
  47   1.82700E-01    5.48100E-13   216.700   1.09200E-15   1.00000E+00
  48   1.72710E-01    5.18140E-13   216.700   1.05370E-15   1.00000E+00
  49   1.63080E-01    4.89240E-13   216.700   1.01590E-15   1.00000E+00
  50   1.53800E-01    4.61390E-13   216.700   9.78630E-16   1.00001E+00
  51   1.44860E-01    4.34580E-13   216.700   9.41860E-16   1.00001E+00
  52   1.36270E-01    4.08800E-13   216.700   9.05590E-16   1.00000E+00
  53   1.28010E-01    3.84020E-13   216.700   8.69850E-16   1.00000E+00
  54   1.20080E-01    3.60230E-13   216.700   8.34690E-16   1.00001E+00
  55   1.12480E-01    3.37420E-13   216.700   8.00080E-16   1.00000E+00
  56   1.05190E-01    3.15580E-13   216.700   7.66080E-16   1.00001E+00
  57   9.82240E-02    2.94670E-13   216.700   7.32640E-16   1.00000E+00
  58   9.15650E-02    2.74690E-13   216.700   6.99840E-16   1.00000E+00
  59   8.52090E-02    2.55620E-13   216.700   6.67670E-16   1.00002E+00
  60   7.91490E-02    2.37450E-13   216.700   6.36130E-16   1.00000E+00
  61   7.33810E-02    2.20140E-13   216.700   6.05270E-16   1.00003E+00
  62   6.78970E-02    2.03690E-13   216.700   5.75050E-16   1.00000E+00
  63   6.26920E-02    1.88080E-13   216.700   5.45540E-16   1.00000E+00
  64   5.77590E-02    1.73280E-13   216.700   5.16710E-16   1.00002E+00
  65   5.30910E-02    1.59270E-13   216.864   4.88600E-16   1.00000E+00
  66   4.86810E-02    1.46040E-13   217.355   4.61200E-16   1.00000E+00
  67   4.45230E-02    1.33570E-13   217.900   4.34550E-16   1.00000E+00
  68   4.06100E-02    1.21830E-13   218.491   4.08630E-16   1.00002E+00
  69   3.69350E-02    1.10800E-13   219.103   3.83460E-16   1.00000E+00
  70   3.34910E-02    1.00470E-13   219.737   3.59070E-16   1.00000E+00
  71   3.02700E-02    9.08060E-14   220.393   3.35460E-16   1.00003E+00
  72   2.72650E-02    8.17920E-14   221.073   3.12620E-16   1.00000E+00
  73   2.44680E-02    7.34030E-14   221.771   2.90570E-16   1.00000E+00
  74   2.18740E-02    6.56180E-14   222.480   2.69340E-16   1.00000E+00
  75   1.94720E-02    5.84150E-14   223.214   2.48910E-16   1.00000E+00
  76   1.72580E-02    5.17700E-14   223.980   2.29290E-16   1.00000E+00
  77   1.52210E-02    4.56610E-14   224.809   2.10490E-16   1.00000E+00
  78   1.33550E-02    4.00650E-14   225.679   1.92520E-16   1.00000E+00
  79   1.16530E-02    3.49570E-14   226.636   1.75380E-16   1.00000E+00
  80   1.01060E-02    3.03150E-14   227.853   1.59070E-16   1.00000E+00
  81   8.70620E-03    2.61170E-14   229.151   1.43600E-16   1.00000E+00
  82   7.44630E-03    2.23350E-14   231.163   1.28970E-16   1.00000E+00
  83   6.31830E-03    1.89510E-14   234.361   1.15170E-16   1.00000E+00
  84   5.31440E-03    1.59400E-14   237.751   1.02200E-16   1.00000E+00
  85   4.42680E-03    1.32770E-14   241.343   9.00860E-17   1.00002E+00
  86   3.64780E-03    1.09400E-14   245.224   7.87760E-17   1.00003E+00
  87   2.96970E-03    8.90630E-15   249.409   6.83030E-17   1.00000E+00
  88   2.38480E-03    7.15180E-15   253.939   5.86480E-17   1.00002E+00
  89   1.88550E-03    5.65410E-15   258.858   4.98080E-17   1.00002E+00
  90   1.46430E-03    4.39070E-15   264.213   4.17640E-17   1.00000E+00
  91   1.11390E-03    3.34030E-15   269.429   3.44950E-17   1.00003E+00
  92   8.26910E-04    2.48100E-15   270.403   2.80220E-17   1.00004E+00
  93   5.96370E-04    1.79010E-15   266.409   2.22810E-17   1.00000E+00
  94   4.15280E-04    1.24690E-15   260.486   1.72950E-17   1.00006E+00
  95   2.76900E-04    8.31720E-16   252.316   1.30110E-17   1.00008E+00
  96   1.74800E-04    5.25250E-16   243.031   9.40770E-18   1.00004E+00
  97   1.02710E-04    3.08820E-16   232.752   6.47670E-18   1.00005E+00
  98   5.47150E-05    1.64630E-16   221.308   4.15440E-18   1.00005E+00
  99   2.53190E-05    7.62500E-17   209.975   2.41000E-18   1.00008E+00
 100   9.36810E-06    2.82810E-17   198.141   1.20180E-18   1.00008E+00
