!  New ref profile : Gas 54 NumLayers =  100
!lay    press     partpress     temp     amount  ratio
!-------------------------------------------------------
   1   1.07120E+00    6.19160E-11   291.953   5.93480E-14   1.00000E+00
   2   1.04270E+00    6.02680E-11   290.487   5.85320E-14   1.00000E+00
   3   1.01460E+00    5.86430E-11   289.002   5.77100E-14   1.00000E+00
   4   9.86870E-01    5.70420E-11   287.497   5.68830E-14   1.00000E+00
   5   9.59550E-01    5.54630E-11   285.971   5.60520E-14   1.00002E+00
   6   9.32640E-01    5.39070E-11   284.425   5.52150E-14   1.00000E+00
   7   9.06120E-01    5.23750E-11   282.858   5.43750E-14   1.00000E+00
   8   8.80020E-01    5.08650E-11   281.282   5.35310E-14   1.00000E+00
   9   8.54320E-01    4.93800E-11   279.711   5.26840E-14   1.00000E+00
  10   8.29030E-01    4.79190E-11   278.119   5.18340E-14   1.00000E+00
  11   8.04150E-01    4.64810E-11   276.506   5.09810E-14   1.00000E+00
  12   7.79690E-01    4.50670E-11   274.878   5.01250E-14   1.00000E+00
  13   7.55630E-01    4.36760E-11   273.254   4.92670E-14   1.00000E+00
  14   7.31990E-01    4.23100E-11   271.609   4.84070E-14   1.00000E+00
  15   7.08770E-01    4.09680E-11   269.940   4.75450E-14   1.00000E+00
  16   6.85960E-01    3.96490E-11   268.258   4.66820E-14   1.00000E+00
  17   6.63570E-01    3.83550E-11   266.580   4.58190E-14   1.00000E+00
  18   6.41600E-01    3.70850E-11   264.877   4.49560E-14   1.00000E+00
  19   6.20050E-01    3.58400E-11   263.150   4.40910E-14   1.00000E+00
  20   5.98910E-01    3.46180E-11   261.416   4.32270E-14   1.00000E+00
  21   5.78190E-01    3.34200E-11   259.679   4.23640E-14   1.00000E+00
  22   5.57890E-01    3.22470E-11   257.915   4.15010E-14   1.00000E+00
  23   5.38010E-01    3.10980E-11   256.126   4.06380E-14   9.99975E-01
  24   5.18550E-01    2.99720E-11   254.341   3.97790E-14   1.00003E+00
  25   4.99500E-01    2.88720E-11   252.540   3.89200E-14   1.00000E+00
  26   4.80860E-01    2.77950E-11   250.711   3.80630E-14   1.00000E+00
  27   4.62650E-01    2.67420E-11   248.864   3.72080E-14   1.00003E+00
  28   4.44840E-01    2.57130E-11   247.021   3.63550E-14   1.00000E+00
  29   4.27450E-01    2.47070E-11   245.151   3.55050E-14   1.00000E+00
  30   4.10480E-01    2.37260E-11   243.251   3.46580E-14   1.00000E+00
  31   3.93910E-01    2.27680E-11   241.355   3.38150E-14   1.00003E+00
  32   3.77750E-01    2.18340E-11   239.444   3.29750E-14   1.00000E+00
  33   3.61990E-01    2.09240E-11   237.501   3.21400E-14   1.00003E+00
  34   3.46640E-01    2.00370E-11   235.543   3.13080E-14   1.00000E+00
  35   3.31700E-01    1.91730E-11   233.583   3.04810E-14   1.00000E+00
  36   3.17150E-01    1.83320E-11   231.590   2.96600E-14   1.00003E+00
  37   3.03000E-01    1.75140E-11   229.575   2.88420E-14   1.00000E+00
  38   2.89240E-01    1.67190E-11   227.590   2.80310E-14   9.99964E-01
  39   2.75880E-01    1.59470E-11   225.577   2.72260E-14   1.00000E+00
  40   2.62910E-01    1.52020E-11   223.529   2.64360E-14   9.99962E-01
  41   2.50320E-01    1.45260E-11   221.464   2.57360E-14   1.00000E+00
  42   2.38110E-01    1.38790E-11   219.365   2.50580E-14   1.00000E+00
  43   2.26290E-01    1.32520E-11   217.324   2.43890E-14   1.00004E+00
  44   2.14840E-01    1.26810E-11   216.773   2.37960E-14   1.00000E+00
  45   2.03760E-01    1.21370E-11   216.740   2.32280E-14   1.00004E+00
  46   1.93050E-01    1.15980E-11   216.707   2.26430E-14   1.00000E+00
  47   1.82700E-01    1.09880E-11   216.700   2.18910E-14   1.00000E+00
  48   1.72710E-01    1.03750E-11   216.700   2.10990E-14   1.00000E+00
  49   1.63080E-01    9.76740E-12   216.700   2.02830E-14   1.00005E+00
  50   1.53800E-01    9.10680E-12   216.700   1.93160E-14   1.00000E+00
  51   1.44860E-01    8.46720E-12   216.700   1.83510E-14   1.00000E+00
  52   1.36270E-01    7.87220E-12   216.700   1.74390E-14   1.00000E+00
  53   1.28010E-01    7.32370E-12   216.700   1.65890E-14   1.00000E+00
  54   1.20080E-01    6.80700E-12   216.700   1.57720E-14   1.00000E+00
  55   1.12480E-01    6.35740E-12   216.700   1.50740E-14   1.00000E+00
  56   1.05190E-01    5.93690E-12   216.700   1.44120E-14   1.00000E+00
  57   9.82240E-02    5.54960E-12   216.700   1.37980E-14   1.00000E+00
  58   9.15650E-02    5.18980E-12   216.700   1.32220E-14   1.00000E+00
  59   8.52090E-02    4.84790E-12   216.700   1.26620E-14   1.00000E+00
  60   7.91490E-02    4.52540E-12   216.700   1.21240E-14   1.00000E+00
  61   7.33810E-02    4.21870E-12   216.700   1.15990E-14   1.00000E+00
  62   6.78970E-02    3.93010E-12   216.700   1.10950E-14   1.00000E+00
  63   6.26920E-02    3.65350E-12   216.700   1.05970E-14   1.00000E+00
  64   5.77590E-02    3.38720E-12   216.700   1.01010E-14   1.00000E+00
  65   5.30910E-02    3.13150E-12   216.864   9.60660E-15   1.00000E+00
  66   4.86810E-02    2.88500E-12   217.355   9.11080E-15   1.00000E+00
  67   4.45230E-02    2.65000E-12   217.900   8.62150E-15   1.00001E+00
  68   4.06100E-02    2.42670E-12   218.491   8.13940E-15   1.00001E+00
  69   3.69350E-02    2.21610E-12   219.103   7.66930E-15   1.00000E+00
  70   3.34910E-02    2.01790E-12   219.737   7.21190E-15   1.00000E+00
  71   3.02700E-02    1.83170E-12   220.393   6.76650E-15   1.00000E+00
  72   2.72650E-02    1.65350E-12   221.073   6.31990E-15   1.00002E+00
  73   2.44680E-02    1.48180E-12   221.771   5.86580E-15   1.00002E+00
  74   2.18740E-02    1.31410E-12   222.480   5.39370E-15   1.00000E+00
  75   1.94720E-02    1.15970E-12   223.214   4.94140E-15   1.00000E+00
  76   1.72580E-02    1.01790E-12   223.980   4.50820E-15   1.00002E+00
  77   1.52210E-02    8.85190E-13   224.809   4.08060E-15   1.00000E+00
  78   1.33550E-02    7.64620E-13   225.679   3.67420E-15   1.00003E+00
  79   1.16530E-02    6.60240E-13   226.636   3.31250E-15   1.00000E+00
  80   1.01060E-02    5.81640E-13   227.853   3.05190E-15   1.00000E+00
  81   8.70620E-03    5.10770E-13   229.151   2.80840E-15   1.00000E+00
  82   7.44630E-03    4.42160E-13   231.163   2.55320E-15   1.00004E+00
  83   6.31830E-03    3.75230E-13   234.361   2.28040E-15   1.00004E+00
  84   5.31440E-03    3.15610E-13   237.751   2.02350E-15   1.00000E+00
  85   4.42680E-03    2.62890E-13   241.343   1.78370E-15   1.00000E+00
  86   3.64780E-03    2.16620E-13   245.224   1.55980E-15   1.00006E+00
  87   2.96970E-03    1.76340E-13   249.409   1.35240E-15   1.00000E+00
  88   2.38480E-03    1.41610E-13   253.939   1.16120E-15   1.00000E+00
  89   1.88550E-03    1.11950E-13   258.858   9.86200E-16   1.00002E+00
  90   1.46430E-03    8.69370E-14   264.213   8.26940E-16   1.00002E+00
  91   1.11390E-03    6.61390E-14   269.429   6.83000E-16   1.00003E+00
  92   8.26910E-04    4.91240E-14   270.403   5.54830E-16   1.00002E+00
  93   5.96370E-04    3.54440E-14   266.409   4.41170E-16   1.00005E+00
  94   4.15280E-04    2.46880E-14   260.486   3.42440E-16   1.00003E+00
  95   2.76900E-04    1.64680E-14   252.316   2.57610E-16   1.00004E+00
  96   1.74800E-04    1.04000E-14   243.031   1.86270E-16   1.00005E+00
  97   1.02710E-04    6.11450E-15   232.752   1.28240E-16   1.00008E+00
  98   5.47150E-05    3.25970E-15   221.308   8.22570E-17   1.00005E+00
  99   2.53190E-05    1.38900E-15   209.975   4.39000E-17   1.00155E+00
 100   9.36810E-06    7.82150E-17   198.141   3.32370E-18   9.92801E-01
