!  New ref profile : Gas 60 NumLayers =  100
!lay    press     partpress     temp     amount  ratio
!-------------------------------------------------------
   1   1.07120E+00    1.03050E-10   291.953   9.87770E-14   1.00000E+00
   2   1.04270E+00    1.00310E-10   290.487   9.74180E-14   1.00000E+00
   3   1.01460E+00    9.76040E-11   289.002   9.60510E-14   1.00001E+00
   4   9.86870E-01    9.49380E-11   287.497   9.46740E-14   1.00000E+00
   5   9.59550E-01    9.23100E-11   285.971   9.32900E-14   1.00000E+00
   6   9.32640E-01    8.97210E-11   284.425   9.18980E-14   1.00000E+00
   7   9.06120E-01    8.71700E-11   282.858   9.04990E-14   1.00000E+00
   8   8.80020E-01    8.46540E-11   281.282   8.90900E-14   1.00000E+00
   9   8.54320E-01    8.21670E-11   279.711   8.76650E-14   1.00000E+00
  10   8.29030E-01    7.97200E-11   278.119   8.62340E-14   1.00000E+00
  11   8.04150E-01    7.73130E-11   276.506   8.47990E-14   1.00000E+00
  12   7.79690E-01    7.49500E-11   274.878   8.33630E-14   1.00000E+00
  13   7.55630E-01    7.26370E-11   273.254   8.19350E-14   1.00000E+00
  14   7.31990E-01    7.03650E-11   271.609   8.05050E-14   1.00000E+00
  15   7.08770E-01    6.81320E-11   269.940   7.90710E-14   1.00001E+00
  16   6.85960E-01    6.59360E-11   268.258   7.76310E-14   1.00000E+00
  17   6.63570E-01    6.37720E-11   266.580   7.61820E-14   1.00001E+00
  18   6.41600E-01    6.16480E-11   264.877   7.47310E-14   1.00000E+00
  19   6.20050E-01    5.95650E-11   263.150   7.32790E-14   1.00001E+00
  20   5.98910E-01    5.75220E-11   261.416   7.18280E-14   1.00000E+00
  21   5.78190E-01    5.55210E-11   259.679   7.03800E-14   1.00001E+00
  22   5.57890E-01    5.35610E-11   257.915   6.89310E-14   1.00000E+00
  23   5.38010E-01    5.16410E-11   256.126   6.74840E-14   9.99985E-01
  24   5.18550E-01    4.97620E-11   254.341   6.60420E-14   1.00000E+00
  25   4.99500E-01    4.79240E-11   252.540   6.46030E-14   1.00002E+00
  26   4.80860E-01    4.61260E-11   250.711   6.31660E-14   1.00000E+00
  27   4.62650E-01    4.43690E-11   248.864   6.17340E-14   1.00000E+00
  28   4.44840E-01    4.26520E-11   247.021   6.03060E-14   1.00000E+00
  29   4.27450E-01    4.09760E-11   245.151   5.88830E-14   1.00000E+00
  30   4.10480E-01    3.93390E-11   243.251   5.74660E-14   1.00000E+00
  31   3.93910E-01    3.77430E-11   241.355   5.60540E-14   1.00000E+00
  32   3.77750E-01    3.61860E-11   239.444   5.46500E-14   1.00000E+00
  33   3.61990E-01    3.46690E-11   237.501   5.32530E-14   1.00000E+00
  34   3.46640E-01    3.31920E-11   235.543   5.18640E-14   1.00002E+00
  35   3.31700E-01    3.17530E-11   233.583   5.04810E-14   1.00000E+00
  36   3.17150E-01    3.03530E-11   231.590   4.91090E-14   1.00000E+00
  37   3.03000E-01    2.89920E-11   229.575   4.77450E-14   1.00002E+00
  38   2.89240E-01    2.76690E-11   227.590   4.63910E-14   9.99978E-01
  39   2.75880E-01    2.63850E-11   225.577   4.50480E-14   1.00000E+00
  40   2.62910E-01    2.51370E-11   223.529   4.37140E-14   1.00000E+00
  41   2.50320E-01    2.39180E-11   221.464   4.23760E-14   1.00000E+00
  42   2.38110E-01    2.27350E-11   219.365   4.10470E-14   1.00000E+00
  43   2.26290E-01    2.15880E-11   217.324   3.97320E-14   1.00003E+00
  44   2.14840E-01    2.04760E-11   216.773   3.84220E-14   9.99974E-01
  45   2.03760E-01    1.93990E-11   216.740   3.71270E-14   1.00003E+00
  46   1.93050E-01    1.83550E-11   216.707   3.58360E-14   1.00000E+00
  47   1.82700E-01    1.72970E-11   216.700   3.44600E-14   1.00000E+00
  48   1.72710E-01    1.62640E-11   216.700   3.30760E-14   1.00000E+00
  49   1.63080E-01    1.52730E-11   216.700   3.17160E-14   1.00000E+00
  50   1.53800E-01    1.43230E-11   216.700   3.03800E-14   1.00000E+00
  51   1.44860E-01    1.34130E-11   216.700   2.90700E-14   1.00000E+00
  52   1.36270E-01    1.24750E-11   216.700   2.76340E-14   1.00000E+00
  53   1.28010E-01    1.14930E-11   216.700   2.60320E-14   1.00000E+00
  54   1.20080E-01    1.05640E-11   216.700   2.44770E-14   1.00000E+00
  55   1.12480E-01    9.68700E-12   216.700   2.29690E-14   1.00000E+00
  56   1.05190E-01    8.86040E-12   216.700   2.15090E-14   1.00000E+00
  57   9.82240E-02    8.00900E-12   216.700   1.99130E-14   1.00000E+00
  58   9.15650E-02    7.15920E-12   216.700   1.82390E-14   9.99945E-01
  59   8.52090E-02    6.37040E-12   216.700   1.66390E-14   1.00000E+00
  60   7.91490E-02    5.64100E-12   216.700   1.51120E-14   1.00000E+00
  61   7.33810E-02    4.95210E-12   216.700   1.36150E-14   1.00000E+00
  62   6.78970E-02    4.28070E-12   216.700   1.20850E-14   1.00000E+00
  63   6.26920E-02    3.66480E-12   216.700   1.06300E-14   1.00000E+00
  64   5.77590E-02    3.10380E-12   216.700   9.25550E-15   1.00002E+00
  65   5.30910E-02    2.59600E-12   216.864   7.96370E-15   1.00000E+00
  66   4.86810E-02    2.13930E-12   217.355   6.75610E-15   1.00001E+00
  67   4.45230E-02    1.72930E-12   217.900   5.62610E-15   1.00002E+00
  68   4.06100E-02    1.36500E-12   218.491   4.57840E-15   9.99978E-01
  69   3.69350E-02    1.06500E-12   219.103   3.68580E-15   1.00003E+00
  70   3.34910E-02    8.07160E-13   219.737   2.88470E-15   1.00000E+00
  71   3.02700E-02    5.82000E-13   220.393   2.15000E-15   1.00000E+00
  72   2.72650E-02    4.15930E-13   221.073   1.58970E-15   1.00000E+00
  73   2.44680E-02    2.93250E-13   221.771   1.16090E-15   1.00000E+00
  74   2.18740E-02    2.04240E-13   222.480   8.38330E-16   1.00004E+00
  75   1.94720E-02    1.29010E-13   223.214   5.49730E-16   1.00004E+00
  76   1.72580E-02    6.92590E-14   223.980   3.06750E-16   9.99707E-01
  77   1.52210E-02    4.12790E-14   224.809   1.90290E-16   1.00005E+00
  78   1.33550E-02    2.17600E-14   225.679   1.04560E-16   1.00000E+00
  79   1.16530E-02    7.81630E-15   226.636   3.92150E-17   9.99873E-01
  80   1.01060E-02    4.11090E-15   227.853   2.15710E-17   1.00009E+00
  81   8.70620E-03    1.86950E-15   229.151   1.02800E-17   1.00019E+00
  82   7.44630E-03    5.68480E-16   231.163   3.28250E-18   9.98358E-01
  83   6.31830E-03    2.26060E-16   234.361   1.37380E-18   1.00015E+00
  84   5.31440E-03    4.38190E-17   237.751   2.80950E-19   9.95500E-01
  85   4.42680E-03    1.30840E-17   241.343   8.87710E-20   9.99944E-01
  86   3.64780E-03    1.99620E-18   245.224   1.43740E-20   1.00014E+00
  87   2.96970E-03    4.44240E-19   249.409   3.40690E-21   9.99150E-01
  88   2.38480E-03    4.63950E-20   253.939   3.80460E-22   1.00024E+00
  89   1.88550E-03    6.37910E-21   258.858   5.61950E-23   9.95465E-01
  90   1.46430E-03    1.00870E-21   264.213   9.59480E-24   9.96935E-01
  91   1.11390E-03    1.16180E-22   269.429   1.19980E-24   9.99500E-01
  92   8.26910E-04    1.02730E-23   270.403   1.16030E-25   9.97421E-01
  93   5.96370E-04    1.46660E-24   266.409   1.82550E-26   1.00027E+00
  94   4.15280E-04    1.86620E-25   260.486   2.58860E-27   9.94812E-01
  95   2.76900E-04    1.86690E-26   252.316   2.92040E-28   1.00058E+00
  96   1.74800E-04    5.07290E-28   243.031   9.08600E-30   9.41330E-01
  97   1.02710E-04    4.11340E-29   232.752   8.62690E-31   1.00050E+00
  98   5.47150E-05    1.33700E-30   221.308   3.37390E-32   9.96633E-01
  99   2.53190E-05    1.38890E-32   209.975   4.38970E-34   9.97342E-01
 100   9.36810E-06    9.84040E-35   198.141   4.18160E-36   9.69309E-01
