!  New ref profile : Gas 16 NumLayers =  100
!lay    press     partpress     temp     amount  ratio
!-------------------------------------------------------
   1   1.07120E+00    1.82110E-12   291.953   1.74550E-15   1.00000E+00
   2   1.04270E+00    1.77260E-12   290.487   1.72150E-15   1.00000E+00
   3   1.01460E+00    1.72480E-12   289.002   1.69740E-15   1.00000E+00
   4   9.86870E-01    1.67770E-12   287.497   1.67300E-15   1.00000E+00
   5   9.59550E-01    1.63130E-12   285.971   1.64860E-15   1.00000E+00
   6   9.32640E-01    1.58550E-12   284.425   1.62400E-15   1.00000E+00
   7   9.06120E-01    1.54040E-12   282.858   1.59930E-15   1.00000E+00
   8   8.80020E-01    1.49600E-12   281.282   1.57440E-15   1.00000E+00
   9   8.54320E-01    1.45240E-12   279.711   1.54950E-15   1.00000E+00
  10   8.29030E-01    1.40940E-12   278.119   1.52450E-15   1.00000E+00
  11   8.04150E-01    1.36710E-12   276.506   1.49940E-15   1.00000E+00
  12   7.79690E-01    1.32550E-12   274.878   1.47430E-15   1.00000E+00
  13   7.55630E-01    1.28460E-12   273.254   1.44900E-15   1.00000E+00
  14   7.31990E-01    1.24440E-12   271.609   1.42370E-15   1.00000E+00
  15   7.08770E-01    1.20490E-12   269.940   1.39840E-15   1.00000E+00
  16   6.85960E-01    1.16620E-12   268.258   1.37300E-15   1.00000E+00
  17   6.63570E-01    1.12810E-12   266.580   1.34760E-15   1.00000E+00
  18   6.41600E-01    1.09070E-12   264.877   1.32220E-15   1.00000E+00
  19   6.20050E-01    1.05410E-12   263.150   1.29680E-15   1.00000E+00
  20   5.98910E-01    1.01820E-12   261.416   1.27140E-15   1.00000E+00
  21   5.78190E-01    9.82940E-13   259.679   1.24600E-15   1.00000E+00
  22   5.57890E-01    9.48440E-13   257.915   1.22060E-15   1.00000E+00
  23   5.38010E-01    9.14640E-13   256.126   1.19520E-15   9.99916E-01
  24   5.18550E-01    8.81540E-13   254.341   1.17000E-15   1.00000E+00
  25   4.99500E-01    8.49170E-13   252.540   1.14470E-15   1.00000E+00
  26   4.80860E-01    8.17490E-13   250.711   1.11950E-15   1.00000E+00
  27   4.62650E-01    7.86520E-13   248.864   1.09430E-15   1.00000E+00
  28   4.44840E-01    7.56250E-13   247.021   1.06930E-15   1.00000E+00
  29   4.27450E-01    7.26690E-13   245.151   1.04430E-15   1.00000E+00
  30   4.10480E-01    6.97830E-13   243.251   1.01940E-15   1.00000E+00
  31   3.93910E-01    6.69660E-13   241.355   9.94550E-16   1.00001E+00
  32   3.77750E-01    6.42180E-13   239.444   9.69860E-16   1.00000E+00
  33   3.61990E-01    6.15410E-13   237.501   9.45280E-16   1.00000E+00
  34   3.46640E-01    5.89310E-13   235.543   9.20830E-16   1.00001E+00
  35   3.31700E-01    5.63900E-13   233.583   8.96490E-16   9.99989E-01
  36   3.17150E-01    5.39170E-13   231.590   8.72340E-16   1.00001E+00
  37   3.03000E-01    5.15120E-13   229.575   8.48310E-16   1.00001E+00
  38   2.89240E-01    4.91730E-13   227.590   8.24440E-16   9.99976E-01
  39   2.75880E-01    4.69020E-13   225.577   8.00780E-16   1.00001E+00
  40   2.62910E-01    4.46960E-13   223.529   7.77280E-16   9.99987E-01
  41   2.50320E-01    4.25560E-13   221.464   7.53990E-16   1.00000E+00
  42   2.38110E-01    4.04810E-13   219.365   7.30890E-16   1.00000E+00
  43   2.26290E-01    3.84700E-13   217.324   7.08010E-16   1.00001E+00
  44   2.14840E-01    3.65230E-13   216.773   6.85340E-16   9.99985E-01
  45   2.03760E-01    3.46390E-13   216.740   6.62920E-16   1.00002E+00
  46   1.93050E-01    3.28180E-13   216.707   6.40730E-16   1.00002E+00
  47   1.82700E-01    3.10590E-13   216.700   6.18790E-16   1.00000E+00
  48   1.72710E-01    2.93610E-13   216.700   5.97110E-16   1.00002E+00
  49   1.63080E-01    2.77240E-13   216.700   5.75700E-16   1.00000E+00
  50   1.53800E-01    2.61460E-13   216.700   5.54560E-16   1.00002E+00
  51   1.44860E-01    2.46260E-13   216.700   5.33720E-16   1.00000E+00
  52   1.36270E-01    2.31650E-13   216.700   5.13170E-16   1.00000E+00
  53   1.28010E-01    2.17610E-13   216.700   4.92910E-16   1.00000E+00
  54   1.20080E-01    2.04130E-13   216.700   4.72990E-16   1.00000E+00
  55   1.12480E-01    1.91210E-13   216.700   4.53380E-16   1.00000E+00
  56   1.05190E-01    1.78830E-13   216.700   4.34110E-16   1.00000E+00
  57   9.82240E-02    1.66980E-13   216.700   4.15160E-16   1.00000E+00
  58   9.15650E-02    1.55660E-13   216.700   3.96570E-16   9.99975E-01
  59   8.52090E-02    1.44850E-13   216.700   3.78350E-16   1.00003E+00
  60   7.91490E-02    1.34550E-13   216.700   3.60470E-16   1.00000E+00
  61   7.33810E-02    1.24750E-13   216.700   3.42980E-16   1.00000E+00
  62   6.78970E-02    1.15430E-13   216.700   3.25860E-16   1.00000E+00
  63   6.26920E-02    1.06580E-13   216.700   3.09140E-16   1.00000E+00
  64   5.77590E-02    9.81900E-14   216.700   2.92800E-16   1.00000E+00
  65   5.30910E-02    9.02530E-14   216.864   2.76870E-16   1.00000E+00
  66   4.86810E-02    8.27560E-14   217.355   2.61350E-16   1.00000E+00
  67   4.45230E-02    7.56880E-14   217.900   2.46250E-16   1.00004E+00
  68   4.06100E-02    6.90360E-14   218.491   2.31550E-16   1.00000E+00
  69   3.69350E-02    6.27880E-14   219.103   2.17290E-16   1.00000E+00
  70   3.34910E-02    5.69330E-14   219.737   2.03470E-16   1.00000E+00
  71   3.02700E-02    5.14610E-14   220.393   1.90110E-16   1.00005E+00
  72   2.72650E-02    4.64780E-14   221.073   1.77640E-16   1.00000E+00
  73   2.44680E-02    4.19330E-14   221.771   1.66000E-16   1.00000E+00
  74   2.18740E-02    3.78030E-14   222.480   1.55170E-16   1.00000E+00
  75   1.94720E-02    3.39510E-14   223.214   1.44670E-16   1.00000E+00
  76   1.72580E-02    3.04200E-14   223.980   1.34730E-16   1.00000E+00
  77   1.52210E-02    2.74780E-14   224.809   1.26670E-16   1.00000E+00
  78   1.33550E-02    2.47600E-14   225.679   1.18980E-16   1.00000E+00
  79   1.16530E-02    2.23440E-14   226.636   1.12100E-16   1.00000E+00
  80   1.01060E-02    2.06060E-14   227.853   1.08120E-16   1.00000E+00
  81   8.70620E-03    1.89140E-14   229.151   1.04000E-16   1.00000E+00
  82   7.44630E-03    1.75700E-14   231.163   1.01460E-16   1.00000E+00
  83   6.31830E-03    1.66500E-14   234.361   1.01190E-16   1.00000E+00
  84   5.31440E-03    1.58950E-14   237.751   1.01910E-16   9.99902E-01
  85   4.42680E-03    1.53960E-14   241.343   1.04460E-16   1.00000E+00
  86   3.64780E-03    1.48350E-14   245.224   1.06820E-16   1.00000E+00
  87   2.96970E-03    1.41050E-14   249.409   1.08180E-16   1.00000E+00
  88   2.38480E-03    1.31970E-14   253.939   1.08220E-16   1.00000E+00
  89   1.88550E-03    1.18470E-14   258.858   1.04360E-16   1.00000E+00
  90   1.46430E-03    9.95840E-15   264.213   9.47240E-17   1.00007E+00
  91   1.11390E-03    7.84020E-15   269.429   8.09650E-17   1.00004E+00
  92   8.26910E-04    5.89380E-15   270.403   6.65680E-17   1.00003E+00
  93   5.96370E-04    4.26300E-15   266.409   5.30620E-17   1.00004E+00
  94   4.15280E-04    2.97140E-15   260.486   4.12160E-17   1.00005E+00
  95   2.76900E-04    1.98230E-15   252.316   3.10090E-17   1.00003E+00
  96   1.74800E-04    1.25180E-15   243.031   2.24220E-17   1.00004E+00
  97   1.02710E-04    7.36010E-16   232.752   1.54360E-17   1.00006E+00
  98   5.47150E-05    3.92380E-16   221.308   9.90130E-18   1.00005E+00
  99   2.53190E-05    1.81730E-16   209.975   5.74380E-18   1.00007E+00
 100   9.36810E-06    6.74040E-17   198.141   2.86430E-18   1.00010E+00
