!  New ref profile : Gas  6 NumLayers =  100
!lay    press     partpress     temp     amount  ratio
!-------------------------------------------------------
   1   1.07120E+00    1.92820E-06   291.953   1.84820E-09   1.00000E+00
   2   1.04270E+00    1.87690E-06   290.487   1.82280E-09   1.00000E+00
   3   1.01460E+00    1.82630E-06   289.002   1.79720E-09   1.00000E+00
   4   9.86870E-01    1.77640E-06   287.497   1.77140E-09   1.00000E+00
   5   9.59550E-01    1.72720E-06   285.971   1.74560E-09   1.00006E+00
   6   9.32640E-01    1.67880E-06   284.425   1.71950E-09   1.00000E+00
   7   9.06120E-01    1.63100E-06   282.858   1.69330E-09   1.00000E+00
   8   8.80020E-01    1.58400E-06   281.282   1.66710E-09   1.00006E+00
   9   8.54320E-01    1.53780E-06   279.711   1.64070E-09   1.00000E+00
  10   8.29030E-01    1.49230E-06   278.119   1.61420E-09   1.00000E+00
  11   8.04150E-01    1.44750E-06   276.506   1.58760E-09   1.00000E+00
  12   7.79690E-01    1.40350E-06   274.878   1.56100E-09   1.00000E+00
  13   7.55630E-01    1.36020E-06   273.254   1.53430E-09   1.00000E+00
  14   7.31990E-01    1.31760E-06   271.609   1.50750E-09   1.00000E+00
  15   7.08770E-01    1.27580E-06   269.940   1.48060E-09   1.00000E+00
  16   6.85960E-01    1.23480E-06   268.258   1.45380E-09   1.00000E+00
  17   6.63570E-01    1.19450E-06   266.580   1.42690E-09   1.00000E+00
  18   6.41600E-01    1.15490E-06   264.877   1.40000E-09   1.00000E+00
  19   6.20050E-01    1.11610E-06   263.150   1.37310E-09   1.00000E+00
  20   5.98910E-01    1.07810E-06   261.416   1.34620E-09   1.00000E+00
  21   5.78190E-01    1.04080E-06   259.679   1.31930E-09   1.00000E+00
  22   5.57890E-01    1.00420E-06   257.915   1.29240E-09   1.00000E+00
  23   5.38010E-01    9.68440E-07   256.126   1.26560E-09   1.00000E+00
  24   5.18550E-01    9.33400E-07   254.341   1.23880E-09   1.00000E+00
  25   4.99500E-01    8.99120E-07   252.540   1.21200E-09   1.00000E+00
  26   4.80860E-01    8.65570E-07   250.711   1.18530E-09   1.00000E+00
  27   4.62650E-01    8.32720E-07   248.864   1.15860E-09   1.00000E+00
  28   4.44840E-01    8.00440E-07   247.021   1.13170E-09   1.00000E+00
  29   4.27450E-01    7.68900E-07   245.151   1.10490E-09   1.00000E+00
  30   4.10480E-01    7.38120E-07   243.251   1.07820E-09   1.00000E+00
  31   3.93910E-01    7.08100E-07   241.355   1.05160E-09   1.00000E+00
  32   3.77750E-01    6.78820E-07   239.444   1.02520E-09   1.00000E+00
  33   3.61990E-01    6.50300E-07   237.501   9.98880E-10   1.00000E+00
  34   3.46640E-01    6.22450E-07   235.543   9.72610E-10   1.00001E+00
  35   3.31700E-01    5.95210E-07   233.583   9.46270E-10   1.00000E+00
  36   3.17150E-01    5.68720E-07   231.590   9.20140E-10   1.00001E+00
  37   3.03000E-01    5.42910E-07   229.575   8.94080E-10   1.00001E+00
  38   2.89240E-01    5.17580E-07   227.590   8.67780E-10   9.99977E-01
  39   2.75880E-01    4.92980E-07   225.577   8.41690E-10   1.00001E+00
  40   2.62910E-01    4.69100E-07   223.529   8.15790E-10   1.00000E+00
  41   2.50320E-01    4.45810E-07   221.464   7.89860E-10   1.00000E+00
  42   2.38110E-01    4.23230E-07   219.365   7.64140E-10   1.00000E+00
  43   2.26290E-01    4.01380E-07   217.324   7.38700E-10   1.00001E+00
  44   2.14840E-01    3.80110E-07   216.773   7.13270E-10   1.00000E+00
  45   2.03760E-01    3.59540E-07   216.740   6.88100E-10   1.00003E+00
  46   1.93050E-01    3.39700E-07   216.707   6.63210E-10   1.00000E+00
  47   1.82700E-01    3.20390E-07   216.700   6.38320E-10   1.00002E+00
  48   1.72710E-01    3.01760E-07   216.700   6.13690E-10   1.00002E+00
  49   1.63080E-01    2.83840E-07   216.700   5.89420E-10   1.00000E+00
  50   1.53800E-01    2.66550E-07   216.700   5.65360E-10   1.00000E+00
  51   1.44860E-01    2.49960E-07   216.700   5.41730E-10   1.00002E+00
  52   1.36270E-01    2.34020E-07   216.700   5.18420E-10   1.00002E+00
  53   1.28010E-01    2.18720E-07   216.700   4.95420E-10   1.00000E+00
  54   1.20080E-01    2.04080E-07   216.700   4.72880E-10   1.00000E+00
  55   1.12480E-01    1.90050E-07   216.700   4.50650E-10   1.00002E+00
  56   1.05190E-01    1.76670E-07   216.700   4.28880E-10   1.00002E+00
  57   9.82240E-02    1.63770E-07   216.700   4.07170E-10   1.00000E+00
  58   9.15650E-02    1.51390E-07   216.700   3.85700E-10   1.00000E+00
  59   8.52090E-02    1.39630E-07   216.700   3.64700E-10   1.00003E+00
  60   7.91490E-02    1.28440E-07   216.700   3.44080E-10   1.00000E+00
  61   7.33810E-02    1.17790E-07   216.700   3.23850E-10   1.00003E+00
  62   6.78970E-02    1.07550E-07   216.700   3.03630E-10   1.00000E+00
  63   6.26920E-02    9.77940E-08   216.700   2.83660E-10   1.00000E+00
  64   5.77590E-02    8.83060E-08   216.700   2.63330E-10   1.00004E+00
  65   5.30910E-02    7.93280E-08   216.864   2.43360E-10   1.00004E+00
  66   4.86810E-02    7.07730E-08   217.355   2.23500E-10   1.00000E+00
  67   4.45230E-02    6.26680E-08   217.900   2.03890E-10   1.00005E+00
  68   4.06100E-02    5.50530E-08   218.491   1.84650E-10   1.00000E+00
  69   3.69350E-02    4.81340E-08   219.103   1.66580E-10   1.00000E+00
  70   3.34910E-02    4.18800E-08   219.737   1.49680E-10   1.00000E+00
  71   3.02700E-02    3.63020E-08   220.393   1.34110E-10   1.00007E+00
  72   2.72650E-02    3.14020E-08   221.073   1.20020E-10   1.00000E+00
  73   2.44680E-02    2.72240E-08   221.771   1.07770E-10   1.00000E+00
  74   2.18740E-02    2.38550E-08   222.480   9.79160E-11   1.00001E+00
  75   1.94720E-02    2.08070E-08   223.214   8.86600E-11   1.00001E+00
  76   1.72580E-02    1.80420E-08   223.980   7.99070E-11   1.00001E+00
  77   1.52210E-02    1.55220E-08   224.809   7.15570E-11   1.00001E+00
  78   1.33550E-02    1.32590E-08   225.679   6.37130E-11   1.00002E+00
  79   1.16530E-02    1.12360E-08   226.636   5.63740E-11   1.00002E+00
  80   1.01060E-02    9.42910E-09   227.853   4.94750E-11   1.00000E+00
  81   8.70620E-03    7.83740E-09   229.151   4.30930E-11   1.00002E+00
  82   7.44630E-03    6.42500E-09   231.163   3.71000E-11   1.00003E+00
  83   6.31830E-03    5.17410E-09   234.361   3.14450E-11   1.00003E+00
  84   5.31440E-03    4.10380E-09   237.751   2.63120E-11   1.00004E+00
  85   4.42680E-03    3.19710E-09   241.343   2.16920E-11   1.00005E+00
  86   3.64780E-03    2.43800E-09   245.224   1.75550E-11   1.00006E+00
  87   2.96970E-03    1.81180E-09   249.409   1.38950E-11   1.00000E+00
  88   2.38480E-03    1.29040E-09   253.939   1.05820E-11   1.00000E+00
  89   1.88550E-03    8.76460E-10   258.858   7.72100E-12   1.00005E+00
  90   1.46430E-03    5.63220E-10   264.213   5.35730E-12   1.00006E+00
  91   1.11390E-03    3.40560E-10   269.429   3.51690E-12   1.00006E+00
  92   8.26910E-04    1.96070E-10   270.403   2.21460E-12   9.99865E-01
  93   5.96370E-04    1.20330E-10   266.409   1.49780E-12   1.00007E+00
  94   4.15280E-04    7.35480E-11   260.486   1.02020E-12   1.00000E+00
  95   2.76900E-04    4.57240E-11   252.316   7.15260E-13   1.00006E+00
  96   1.74800E-04    2.78060E-11   243.031   4.98040E-13   9.99940E-01
  97   1.02710E-04    1.63470E-11   232.752   3.42830E-13   1.00003E+00
  98   5.47150E-05    8.71460E-12   221.308   2.19910E-13   1.00009E+00
  99   2.53190E-05    4.03620E-12   209.975   1.27570E-13   1.00008E+00
 100   9.36810E-06    1.49700E-12   198.141   6.36140E-14   1.00006E+00
