!  New ref profile : Gas 52 NumLayers =  100
!lay    press     partpress     temp     amount  ratio
!-------------------------------------------------------
   1   1.07120E+00    5.91310E-10   291.953   5.66790E-13   1.00000E+00
   2   1.04270E+00    5.75570E-10   290.487   5.58990E-13   1.00000E+00
   3   1.01460E+00    5.60050E-10   289.002   5.51140E-13   1.00000E+00
   4   9.86870E-01    5.44760E-10   287.497   5.43240E-13   1.00000E+00
   5   9.59550E-01    5.29680E-10   285.971   5.35300E-13   1.00000E+00
   6   9.32640E-01    5.14820E-10   284.425   5.27310E-13   1.00000E+00
   7   9.06120E-01    5.00190E-10   282.858   5.19290E-13   1.00000E+00
   8   8.80020E-01    4.85760E-10   281.282   5.11210E-13   1.00000E+00
   9   8.54320E-01    4.71530E-10   279.711   5.03080E-13   1.00000E+00
  10   8.29030E-01    4.57530E-10   278.119   4.94910E-13   1.00000E+00
  11   8.04150E-01    4.43750E-10   276.506   4.86720E-13   1.00002E+00
  12   7.79690E-01    4.30220E-10   274.878   4.78510E-13   1.00000E+00
  13   7.55630E-01    4.16940E-10   273.254   4.70310E-13   1.00000E+00
  14   7.31990E-01    4.03900E-10   271.609   4.62100E-13   1.00000E+00
  15   7.08770E-01    3.91080E-10   269.940   4.53870E-13   1.00000E+00
  16   6.85960E-01    3.78490E-10   268.258   4.45620E-13   1.00000E+00
  17   6.63570E-01    3.66100E-10   266.580   4.37340E-13   1.00000E+00
  18   6.41600E-01    3.53940E-10   264.877   4.29050E-13   1.00000E+00
  19   6.20050E-01    3.42010E-10   263.150   4.20750E-13   1.00000E+00
  20   5.98910E-01    3.30330E-10   261.416   4.12480E-13   1.00000E+00
  21   5.78190E-01    3.18900E-10   259.679   4.04250E-13   1.00000E+00
  22   5.57890E-01    3.07710E-10   257.915   3.96010E-13   1.00000E+00
  23   5.38010E-01    2.96740E-10   256.126   3.87780E-13   1.00000E+00
  24   5.18550E-01    2.85980E-10   254.341   3.79540E-13   1.00000E+00
  25   4.99500E-01    2.75440E-10   252.540   3.71310E-13   1.00003E+00
  26   4.80860E-01    2.65140E-10   250.711   3.63090E-13   1.00003E+00
  27   4.62650E-01    2.55060E-10   248.864   3.54890E-13   1.00000E+00
  28   4.44840E-01    2.45220E-10   247.021   3.46710E-13   1.00000E+00
  29   4.27450E-01    2.35600E-10   245.151   3.38570E-13   1.00000E+00
  30   4.10480E-01    2.26220E-10   243.251   3.30450E-13   1.00000E+00
  31   3.93910E-01    2.17060E-10   241.355   3.22370E-13   1.00000E+00
  32   3.77750E-01    2.08130E-10   239.444   3.14330E-13   1.00000E+00
  33   3.61990E-01    1.99430E-10   237.501   3.06320E-13   1.00000E+00
  34   3.46640E-01    1.90950E-10   235.543   2.98360E-13   1.00000E+00
  35   3.31700E-01    1.82690E-10   233.583   2.90440E-13   1.00000E+00
  36   3.17150E-01    1.74660E-10   231.590   2.82580E-13   1.00000E+00
  37   3.03000E-01    1.66840E-10   229.575   2.74760E-13   1.00000E+00
  38   2.89240E-01    1.59250E-10   227.590   2.67000E-13   1.00000E+00
  39   2.75880E-01    1.51870E-10   225.577   2.59300E-13   1.00000E+00
  40   2.62910E-01    1.44710E-10   223.529   2.51650E-13   1.00000E+00
  41   2.50320E-01    1.37730E-10   221.464   2.44020E-13   1.00000E+00
  42   2.38110E-01    1.30960E-10   219.365   2.36450E-13   1.00000E+00
  43   2.26290E-01    1.24400E-10   217.324   2.28960E-13   1.00004E+00
  44   2.14840E-01    1.18060E-10   216.773   2.21530E-13   1.00000E+00
  45   2.03760E-01    1.11920E-10   216.740   2.14200E-13   1.00005E+00
  46   1.93050E-01    1.05980E-10   216.707   2.06910E-13   1.00000E+00
  47   1.82700E-01    1.00090E-10   216.700   1.99410E-13   1.00000E+00
  48   1.72710E-01    9.43790E-11   216.700   1.91930E-13   1.00000E+00
  49   1.63080E-01    8.88820E-11   216.700   1.84570E-13   1.00000E+00
  50   1.53800E-01    8.35990E-11   216.700   1.77310E-13   1.00000E+00
  51   1.44860E-01    7.85250E-11   216.700   1.70180E-13   1.00000E+00
  52   1.36270E-01    7.34720E-11   216.700   1.62760E-13   1.00000E+00
  53   1.28010E-01    6.83990E-11   216.700   1.54930E-13   1.00000E+00
  54   1.20080E-01    6.35660E-11   216.700   1.47290E-13   1.00000E+00
  55   1.12480E-01    5.89710E-11   216.700   1.39830E-13   1.00000E+00
  56   1.05190E-01    5.46050E-11   216.700   1.32560E-13   1.00008E+00
  57   9.82240E-02    5.02570E-11   216.700   1.24950E-13   1.00000E+00
  58   9.15650E-02    4.60000E-11   216.700   1.17190E-13   1.00000E+00
  59   8.52090E-02    4.19940E-11   216.700   1.09680E-13   1.00000E+00
  60   7.91490E-02    3.82290E-11   216.700   1.02420E-13   1.00000E+00
  61   7.33810E-02    3.46530E-11   216.700   9.52750E-14   1.00002E+00
  62   6.78970E-02    3.11880E-11   216.700   8.80490E-14   1.00000E+00
  63   6.26920E-02    2.79610E-11   216.700   8.11060E-14   1.00001E+00
  64   5.77590E-02    2.49690E-11   216.700   7.44570E-14   1.00001E+00
  65   5.30910E-02    2.21750E-11   216.864   6.80270E-14   1.00001E+00
  66   4.86810E-02    1.95520E-11   217.355   6.17450E-14   1.00002E+00
  67   4.45230E-02    1.71400E-11   217.900   5.57650E-14   1.00000E+00
  68   4.06100E-02    1.49320E-11   218.491   5.00820E-14   1.00000E+00
  69   3.69350E-02    1.28960E-11   219.103   4.46290E-14   1.00000E+00
  70   3.34910E-02    1.10440E-11   219.737   3.94710E-14   1.00000E+00
  71   3.02700E-02    9.37420E-12   220.393   3.46300E-14   1.00000E+00
  72   2.72650E-02    7.86780E-12   221.073   3.00720E-14   1.00000E+00
  73   2.44680E-02    6.52570E-12   221.771   2.58330E-14   1.00004E+00
  74   2.18740E-02    5.34700E-12   222.480   2.19480E-14   1.00005E+00
  75   1.94720E-02    4.31110E-12   223.214   1.83700E-14   1.00005E+00
  76   1.72580E-02    3.41280E-12   223.980   1.51150E-14   1.00000E+00
  77   1.52210E-02    2.66860E-12   224.809   1.23020E-14   1.00000E+00
  78   1.33550E-02    2.03500E-12   225.679   9.77890E-15   1.00003E+00
  79   1.16530E-02    1.51110E-12   226.636   7.58110E-15   1.00001E+00
  80   1.01060E-02    1.12460E-12   227.853   5.90070E-15   1.00002E+00
  81   8.70620E-03    8.06550E-13   229.151   4.43480E-15   1.00005E+00
  82   7.44630E-03    5.54210E-13   231.163   3.20020E-15   1.00000E+00
  83   6.31830E-03    3.63450E-13   234.361   2.20880E-15   1.00005E+00
  84   5.31440E-03    2.24770E-13   237.751   1.44120E-15   9.99931E-01
  85   4.42680E-03    1.35550E-13   241.343   9.19700E-16   1.00004E+00
  86   3.64780E-03    7.99420E-14   245.224   5.75620E-16   1.00007E+00
  87   2.96970E-03    4.60120E-14   249.409   3.52870E-16   1.00000E+00
  88   2.38480E-03    2.57530E-14   253.939   2.11190E-16   1.00009E+00
  89   1.88550E-03    1.35840E-14   258.858   1.19670E-16   9.99916E-01
  90   1.46430E-03    6.90750E-15   264.213   6.57040E-17   9.99878E-01
  91   1.11390E-03    3.34350E-15   269.429   3.45280E-17   1.00003E+00
  92   8.26910E-04    1.61920E-15   270.403   1.82880E-17   9.99836E-01
  93   5.96370E-04    8.28270E-16   266.409   1.03090E-17   1.00010E+00
  94   4.15280E-04    3.82200E-16   260.486   5.30140E-18   9.99830E-01
  95   2.76900E-04    1.66480E-16   252.316   2.60420E-18   1.00023E+00
  96   1.74800E-04    6.16890E-17   243.031   1.10490E-18   9.99367E-01
  97   1.02710E-04    2.00630E-17   232.752   4.20770E-19   1.00026E+00
  98   5.47150E-05    5.25330E-18   221.308   1.32560E-19   9.99774E-01
  99   2.53190E-05    1.01800E-18   209.975   3.21750E-20   9.99938E-01
 100   9.36810E-06    1.21350E-19   198.141   5.15650E-21   9.99767E-01
