!  New ref profile : Gas 24 NumLayers =  100
!lay    press     partpress     temp     amount  ratio
!-------------------------------------------------------
   1   1.07120E+00    7.68400E-10   291.953   7.36540E-13   1.00001E+00
   2   1.04270E+00    7.40900E-10   290.487   7.19560E-13   1.00001E+00
   3   1.01460E+00    7.13970E-10   289.002   7.02610E-13   1.00000E+00
   4   9.86870E-01    6.87610E-10   287.497   6.85700E-13   1.00000E+00
   5   9.59550E-01    6.61830E-10   285.971   6.68850E-13   1.00000E+00
   6   9.32640E-01    6.36610E-10   284.425   6.52050E-13   1.00000E+00
   7   9.06120E-01    6.11960E-10   282.858   6.35330E-13   1.00000E+00
   8   8.80020E-01    5.88110E-10   281.282   6.18920E-13   1.00000E+00
   9   8.54320E-01    5.65340E-10   279.711   6.03170E-13   1.00000E+00
  10   8.29030E-01    5.43130E-10   278.119   5.87510E-13   1.00000E+00
  11   8.04150E-01    5.21440E-10   276.506   5.71930E-13   1.00002E+00
  12   7.79690E-01    5.00590E-10   274.878   5.56780E-13   1.00000E+00
  13   7.55630E-01    4.81130E-10   273.254   5.42720E-13   1.00002E+00
  14   7.31990E-01    4.62190E-10   271.609   5.28790E-13   1.00000E+00
  15   7.08770E-01    4.43700E-10   269.940   5.14940E-13   1.00002E+00
  16   6.85960E-01    4.26010E-10   268.258   5.01570E-13   1.00000E+00
  17   6.63570E-01    4.09500E-10   266.580   4.89190E-13   1.00000E+00
  18   6.41600E-01    3.93430E-10   264.877   4.76920E-13   1.00000E+00
  19   6.20050E-01    3.77740E-10   263.150   4.64700E-13   1.00000E+00
  20   5.98910E-01    3.63190E-10   261.416   4.53510E-13   1.00000E+00
  21   5.78190E-01    3.49850E-10   259.679   4.43480E-13   1.00002E+00
  22   5.57890E-01    3.36810E-10   257.915   4.33470E-13   1.00000E+00
  23   5.38010E-01    3.24080E-10   256.126   4.23510E-13   1.00000E+00
  24   5.18550E-01    3.11950E-10   254.341   4.14020E-13   1.00002E+00
  25   4.99500E-01    3.00220E-10   252.540   4.04700E-13   1.00000E+00
  26   4.80860E-01    2.88750E-10   250.711   3.95420E-13   1.00000E+00
  27   4.62650E-01    2.77610E-10   248.864   3.86260E-13   1.00003E+00
  28   4.44840E-01    2.66910E-10   247.021   3.77390E-13   1.00000E+00
  29   4.27450E-01    2.56480E-10   245.151   3.68560E-13   1.00000E+00
  30   4.10480E-01    2.46290E-10   243.251   3.59770E-13   1.00000E+00
  31   3.93910E-01    2.36190E-10   241.355   3.50770E-13   1.00000E+00
  32   3.77750E-01    2.26270E-10   239.444   3.41730E-13   1.00000E+00
  33   3.61990E-01    2.16620E-10   237.501   3.32740E-13   1.00000E+00
  34   3.46640E-01    2.07160E-10   235.543   3.23690E-13   1.00000E+00
  35   3.31700E-01    1.97830E-10   233.583   3.14510E-13   1.00000E+00
  36   3.17150E-01    1.88760E-10   231.590   3.05400E-13   1.00000E+00
  37   3.03000E-01    1.79930E-10   229.575   2.96320E-13   1.00000E+00
  38   2.89240E-01    1.71240E-10   227.590   2.87110E-13   9.99965E-01
  39   2.75880E-01    1.62810E-10   225.577   2.77980E-13   1.00000E+00
  40   2.62910E-01    1.54630E-10   223.529   2.68920E-13   1.00000E+00
  41   2.50320E-01    1.46560E-10   221.464   2.59660E-13   1.00000E+00
  42   2.38110E-01    1.38720E-10   219.365   2.50460E-13   1.00000E+00
  43   2.26290E-01    1.31150E-10   217.324   2.41360E-13   1.00000E+00
  44   2.14840E-01    1.23650E-10   216.773   2.32030E-13   1.00000E+00
  45   2.03760E-01    1.16380E-10   216.740   2.22730E-13   1.00004E+00
  46   1.93050E-01    1.09380E-10   216.707   2.13550E-13   1.00005E+00
  47   1.82700E-01    1.02430E-10   216.700   2.04070E-13   1.00000E+00
  48   1.72710E-01    9.57180E-11   216.700   1.94660E-13   1.00000E+00
  49   1.63080E-01    8.92890E-11   216.700   1.85410E-13   1.00000E+00
  50   1.53800E-01    8.30700E-11   216.700   1.76190E-13   1.00000E+00
  51   1.44860E-01    7.71390E-11   216.700   1.67180E-13   1.00000E+00
  52   1.36270E-01    7.13890E-11   216.700   1.58140E-13   1.00000E+00
  53   1.28010E-01    6.57890E-11   216.700   1.49020E-13   1.00000E+00
  54   1.20080E-01    6.04880E-11   216.700   1.40150E-13   1.00000E+00
  55   1.12480E-01    5.54480E-11   216.700   1.31470E-13   1.00000E+00
  56   1.05190E-01    5.06910E-11   216.700   1.23060E-13   1.00008E+00
  57   9.82240E-02    4.61690E-11   216.700   1.14790E-13   1.00000E+00
  58   9.15650E-02    4.18890E-11   216.700   1.06720E-13   1.00000E+00
  59   8.52090E-02    3.78860E-11   216.700   9.89550E-14   1.00002E+00
  60   7.91490E-02    3.41500E-11   216.700   9.14880E-14   1.00000E+00
  61   7.33810E-02    3.06890E-11   216.700   8.43760E-14   1.00001E+00
  62   6.78970E-02    2.75190E-11   216.700   7.76890E-14   1.00000E+00
  63   6.26920E-02    2.45800E-11   216.700   7.12980E-14   1.00001E+00
  64   5.77590E-02    2.18600E-11   216.700   6.51870E-14   1.00000E+00
  65   5.30910E-02    1.93510E-11   216.864   5.93620E-14   1.00000E+00
  66   4.86810E-02    1.70410E-11   217.355   5.38170E-14   1.00002E+00
  67   4.45230E-02    1.49230E-11   217.900   4.85520E-14   1.00000E+00
  68   4.06100E-02    1.29820E-11   218.491   4.35430E-14   1.00002E+00
  69   3.69350E-02    1.11320E-11   219.103   3.85250E-14   1.00003E+00
  70   3.34910E-02    9.39800E-12   219.737   3.35880E-14   1.00003E+00
  71   3.02700E-02    7.73770E-12   220.393   2.85850E-14   1.00003E+00
  72   2.72650E-02    6.02660E-12   221.073   2.30350E-14   1.00004E+00
  73   2.44680E-02    4.54460E-12   221.771   1.79900E-14   9.99889E-01
  74   2.18740E-02    3.52840E-12   222.480   1.44830E-14   1.00000E+00
  75   1.94720E-02    2.65870E-12   223.214   1.13290E-14   1.00000E+00
  76   1.72580E-02    1.92310E-12   223.980   8.51760E-15   1.00000E+00
  77   1.52210E-02    1.36480E-12   224.809   6.29150E-15   1.00003E+00
  78   1.33550E-02    9.05810E-13   225.679   4.35270E-15   1.00005E+00
  79   1.16530E-02    5.51670E-13   226.636   2.76770E-15   9.99964E-01
  80   1.01060E-02    3.62540E-13   227.853   1.90230E-15   1.00005E+00
  81   8.70620E-03    2.17720E-13   229.151   1.19710E-15   1.00000E+00
  82   7.44630E-03    1.19760E-13   231.163   6.91510E-16   9.99725E-01
  83   6.31830E-03    6.83550E-14   234.361   4.15410E-16   1.00007E+00
  84   5.31440E-03    3.47190E-14   237.751   2.22600E-16   9.99551E-01
  85   4.42680E-03    1.80930E-14   241.343   1.22760E-16   1.00000E+00
  86   3.64780E-03    9.11750E-15   245.224   6.56500E-17   1.00008E+00
  87   2.96970E-03    4.67020E-15   249.409   3.58160E-17   9.99888E-01
  88   2.38480E-03    2.59540E-15   253.939   2.12830E-17   1.00005E+00
  89   1.88550E-03    1.55850E-15   258.858   1.37290E-17   9.99854E-01
  90   1.46430E-03    9.89500E-16   264.213   9.41200E-18   9.99947E-01
  91   1.11390E-03    6.41070E-16   269.429   6.62020E-18   1.00003E+00
  92   8.26910E-04    4.20000E-16   270.403   4.74370E-18   9.99937E-01
  93   5.96370E-04    2.84940E-16   266.409   3.54670E-18   1.00006E+00
  94   4.15280E-04    1.89920E-16   260.486   2.63440E-18   1.00004E+00
  95   2.76900E-04    1.22330E-16   252.316   1.91360E-18   1.00005E+00
  96   1.74800E-04    7.48760E-17   243.031   1.34110E-18   1.00000E+00
  97   1.02710E-04    4.29000E-17   232.752   8.99730E-19   1.00006E+00
  98   5.47150E-05    2.23110E-17   221.308   5.62990E-19   1.00005E+00
  99   2.53190E-05    1.00990E-17   209.975   3.19190E-19   1.00006E+00
 100   9.36810E-06    3.66570E-18   198.141   1.55770E-19   1.00006E+00
