!  New ref profile : Gas  5 NumLayers =  100
!lay    press     partpress     temp     amount  ratio
!-------------------------------------------------------
   1   1.07120E+00    1.63770E-07   291.953   1.56980E-10   1.00000E+00
   2   1.04270E+00    1.58240E-07   290.487   1.53680E-10   1.00000E+00
   3   1.01460E+00    1.52810E-07   289.002   1.50380E-10   1.00000E+00
   4   9.86870E-01    1.47500E-07   287.497   1.47090E-10   1.00000E+00
   5   9.59550E-01    1.42290E-07   285.971   1.43800E-10   1.00000E+00
   6   9.32640E-01    1.37190E-07   284.425   1.40520E-10   1.00000E+00
   7   9.06120E-01    1.32200E-07   282.858   1.37250E-10   1.00000E+00
   8   8.80020E-01    1.27310E-07   281.282   1.33990E-10   1.00000E+00
   9   8.54320E-01    1.22540E-07   279.711   1.30740E-10   1.00000E+00
  10   8.29030E-01    1.17880E-07   278.119   1.27510E-10   1.00000E+00
  11   8.04150E-01    1.13330E-07   276.506   1.24300E-10   1.00000E+00
  12   7.79690E-01    1.08890E-07   274.878   1.21110E-10   1.00000E+00
  13   7.55630E-01    1.04580E-07   273.254   1.17970E-10   1.00000E+00
  14   7.31990E-01    1.00390E-07   271.609   1.14850E-10   1.00000E+00
  15   7.08770E-01    9.62910E-08   269.940   1.11750E-10   1.00000E+00
  16   6.85960E-01    9.23720E-08   268.258   1.08760E-10   1.00000E+00
  17   6.63570E-01    8.87170E-08   266.580   1.05980E-10   1.00000E+00
  18   6.41600E-01    8.51580E-08   264.877   1.03230E-10   1.00000E+00
  19   6.20050E-01    8.16870E-08   263.150   1.00490E-10   1.00000E+00
  20   5.98910E-01    7.85140E-08   261.416   9.80410E-11   1.00000E+00
  21   5.78190E-01    7.56580E-08   259.679   9.59060E-11   1.00000E+00
  22   5.57890E-01    7.28660E-08   257.915   9.37770E-11   1.00000E+00
  23   5.38010E-01    7.01330E-08   256.126   9.16490E-11   9.99989E-01
  24   5.18550E-01    6.74050E-08   254.341   8.94580E-11   1.00000E+00
  25   4.99500E-01    6.47220E-08   252.540   8.72470E-11   1.00001E+00
  26   4.80860E-01    6.21040E-08   250.711   8.50470E-11   1.00000E+00
  27   4.62650E-01    5.94750E-08   248.864   8.27520E-11   1.00000E+00
  28   4.44840E-01    5.66860E-08   247.021   8.01480E-11   1.00000E+00
  29   4.27450E-01    5.39650E-08   245.151   7.75500E-11   1.00001E+00
  30   4.10480E-01    5.13240E-08   243.251   7.49730E-11   1.00000E+00
  31   3.93910E-01    4.86160E-08   241.355   7.22020E-11   1.00000E+00
  32   3.77750E-01    4.59330E-08   239.444   6.93700E-11   1.00000E+00
  33   3.61990E-01    4.33470E-08   237.501   6.65820E-11   1.00000E+00
  34   3.46640E-01    4.07560E-08   235.543   6.36830E-11   1.00002E+00
  35   3.31700E-01    3.80920E-08   233.583   6.05590E-11   1.00000E+00
  36   3.17150E-01    3.55360E-08   231.590   5.74950E-11   1.00000E+00
  37   3.03000E-01    3.30840E-08   229.575   5.44840E-11   1.00002E+00
  38   2.89240E-01    3.07120E-08   227.590   5.14920E-11   9.99981E-01
  39   2.75880E-01    2.84440E-08   225.577   4.85650E-11   1.00002E+00
  40   2.62910E-01    2.62840E-08   223.529   4.57080E-11   1.00000E+00
  41   2.50320E-01    2.42320E-08   221.464   4.29330E-11   1.00000E+00
  42   2.38110E-01    2.22830E-08   219.365   4.02320E-11   1.00000E+00
  43   2.26290E-01    2.04280E-08   217.324   3.75970E-11   1.00003E+00
  44   2.14840E-01    1.86010E-08   216.773   3.49040E-11   9.99971E-01
  45   2.03760E-01    1.68520E-08   216.740   3.22510E-11   1.00000E+00
  46   1.93050E-01    1.51910E-08   216.707   2.96590E-11   1.00003E+00
  47   1.82700E-01    1.34940E-08   216.700   2.68840E-11   1.00004E+00
  48   1.72710E-01    1.18660E-08   216.700   2.41310E-11   1.00000E+00
  49   1.63080E-01    1.03550E-08   216.700   2.15020E-11   1.00000E+00
  50   1.53800E-01    8.98630E-09   216.700   1.90600E-11   1.00000E+00
  51   1.44860E-01    7.71940E-09   216.700   1.67300E-11   1.00000E+00
  52   1.36270E-01    6.60540E-09   216.700   1.46330E-11   1.00000E+00
  53   1.28010E-01    5.65240E-09   216.700   1.28030E-11   1.00000E+00
  54   1.20080E-01    4.78200E-09   216.700   1.10800E-11   1.00000E+00
  55   1.12480E-01    4.05450E-09   216.700   9.61390E-12   1.00001E+00
  56   1.05190E-01    3.40140E-09   216.700   8.25700E-12   9.99976E-01
  57   9.82240E-02    2.87270E-09   216.700   7.14250E-12   1.00001E+00
  58   9.15650E-02    2.43990E-09   216.700   6.21610E-12   1.00000E+00
  59   8.52090E-02    2.05150E-09   216.700   5.35830E-12   1.00000E+00
  60   7.91490E-02    1.71070E-09   216.700   4.58310E-12   1.00002E+00
  61   7.33810E-02    1.41080E-09   216.700   3.87900E-12   1.00000E+00
  62   6.78970E-02    1.16390E-09   216.700   3.28580E-12   1.00000E+00
  63   6.26920E-02    9.58240E-10   216.700   2.77950E-12   9.99928E-01
  64   5.77590E-02    8.14670E-10   216.700   2.42930E-12   1.00000E+00
  65   5.30910E-02    6.98050E-10   216.864   2.14140E-12   9.99953E-01
  66   4.86810E-02    6.12850E-10   217.355   1.93540E-12   1.00000E+00
  67   4.45230E-02    5.48520E-10   217.900   1.78460E-12   1.00006E+00
  68   4.06100E-02    5.01250E-10   218.491   1.68130E-12   1.00000E+00
  69   3.69350E-02    4.68970E-10   219.103   1.62300E-12   1.00000E+00
  70   3.34910E-02    4.42130E-10   219.737   1.58010E-12   1.00000E+00
  71   3.02700E-02    4.17950E-10   220.393   1.54400E-12   1.00000E+00
  72   2.72650E-02    3.94330E-10   221.073   1.50720E-12   1.00000E+00
  73   2.44680E-02    3.67960E-10   221.771   1.45660E-12   1.00000E+00
  74   2.18740E-02    3.35670E-10   222.480   1.37780E-12   1.00000E+00
  75   1.94720E-02    3.04780E-10   223.214   1.29870E-12   1.00008E+00
  76   1.72580E-02    2.75670E-10   223.980   1.22090E-12   1.00000E+00
  77   1.52210E-02    2.48740E-10   224.809   1.14670E-12   1.00000E+00
  78   1.33550E-02    2.23460E-10   225.679   1.07380E-12   1.00000E+00
  79   1.16530E-02    1.99840E-10   226.636   1.00260E-12   1.00000E+00
  80   1.01060E-02    1.78270E-10   227.853   9.35370E-13   1.00000E+00
  81   8.70620E-03    1.58100E-10   229.151   8.69280E-13   1.00001E+00
  82   7.44630E-03    1.39840E-10   231.163   8.07460E-13   1.00000E+00
  83   6.31830E-03    1.23600E-10   234.361   7.51180E-13   1.00001E+00
  84   5.31440E-03    1.08950E-10   237.751   6.98530E-13   9.99986E-01
  85   4.42680E-03    9.59820E-11   241.343   6.51240E-13   1.00002E+00
  86   3.64780E-03    8.40890E-11   245.224   6.05480E-13   1.00002E+00
  87   2.96970E-03    7.30960E-11   249.409   5.60580E-13   9.99982E-01
  88   2.38480E-03    6.35250E-11   253.939   5.20930E-13   1.00000E+00
  89   1.88550E-03    5.50220E-11   258.858   4.84700E-13   9.99979E-01
  90   1.46430E-03    4.75870E-11   264.213   4.52650E-13   9.99978E-01
  91   1.11390E-03    4.10230E-11   269.429   4.23640E-13   9.99953E-01
  92   8.26910E-04    3.68420E-11   270.403   4.16110E-13   9.99928E-01
  93   5.96370E-04    3.27110E-11   266.409   4.07160E-13   9.99975E-01
  94   4.15280E-04    2.82490E-11   260.486   3.91840E-13   9.99770E-01
  95   2.76900E-04    2.53790E-11   252.316   3.97000E-13   9.99924E-01
  96   1.74800E-04    2.27970E-11   243.031   4.08310E-13   9.99584E-01
  97   1.02710E-04    1.99930E-11   232.752   4.19310E-13   9.99833E-01
  98   5.47150E-05    1.68320E-11   221.308   4.24740E-13   9.99083E-01
  99   2.53190E-05    1.61770E-11   209.975   5.11290E-13   9.98574E-01
 100   9.36810E-06    1.60790E-11   198.141   6.83260E-13   9.98320E-01
