!  New ref profile : Gas 10 NumLayers =  100
!lay    press     partpress     temp     amount  ratio
!-------------------------------------------------------
   1   1.07120E+00    2.46380E-11   291.953   2.36160E-14   1.00000E+00
   2   1.04270E+00    2.39820E-11   290.487   2.32910E-14   1.00000E+00
   3   1.01460E+00    2.33360E-11   289.002   2.29640E-14   1.00000E+00
   4   9.86870E-01    2.26980E-11   287.497   2.26350E-14   1.00000E+00
   5   9.59550E-01    2.20700E-11   285.971   2.23040E-14   1.00000E+00
   6   9.32640E-01    2.14510E-11   284.425   2.19710E-14   1.00000E+00
   7   9.06120E-01    2.08410E-11   282.858   2.16370E-14   1.00000E+00
   8   8.80020E-01    2.02410E-11   281.282   2.13010E-14   1.00000E+00
   9   8.54320E-01    1.96500E-11   279.711   2.09640E-14   1.00000E+00
  10   8.29030E-01    1.90680E-11   278.119   2.06260E-14   1.00000E+00
  11   8.04150E-01    1.84960E-11   276.506   2.02870E-14   1.00000E+00
  12   7.79690E-01    1.79330E-11   274.878   1.99460E-14   1.00000E+00
  13   7.55630E-01    1.73800E-11   273.254   1.96050E-14   1.00005E+00
  14   7.31990E-01    1.68360E-11   271.609   1.92620E-14   1.00000E+00
  15   7.08770E-01    1.63020E-11   269.940   1.89190E-14   1.00000E+00
  16   6.85960E-01    1.57770E-11   268.258   1.85760E-14   1.00000E+00
  17   6.63570E-01    1.52630E-11   266.580   1.82320E-14   1.00000E+00
  18   6.41600E-01    1.47570E-11   264.877   1.78890E-14   1.00000E+00
  19   6.20050E-01    1.42610E-11   263.150   1.75450E-14   1.00000E+00
  20   5.98910E-01    1.37750E-11   261.416   1.72010E-14   1.00000E+00
  21   5.78190E-01    1.32990E-11   259.679   1.68580E-14   1.00000E+00
  22   5.57890E-01    1.28320E-11   257.915   1.65140E-14   1.00000E+00
  23   5.38010E-01    1.23740E-11   256.126   1.61710E-14   1.00000E+00
  24   5.18550E-01    1.19270E-11   254.341   1.58290E-14   1.00000E+00
  25   4.99500E-01    1.14890E-11   252.540   1.54870E-14   1.00000E+00
  26   4.80860E-01    1.10600E-11   250.711   1.51460E-14   1.00000E+00
  27   4.62650E-01    1.06410E-11   248.864   1.48060E-14   1.00000E+00
  28   4.44840E-01    1.02320E-11   247.021   1.44670E-14   1.00007E+00
  29   4.27450E-01    9.83170E-12   245.151   1.41280E-14   1.00000E+00
  30   4.10480E-01    9.44120E-12   243.251   1.37910E-14   1.00000E+00
  31   3.93910E-01    9.06010E-12   241.355   1.34560E-14   1.00000E+00
  32   3.77750E-01    8.68840E-12   239.444   1.31220E-14   1.00000E+00
  33   3.61990E-01    8.32610E-12   237.501   1.27890E-14   1.00000E+00
  34   3.46640E-01    7.98030E-12   235.543   1.24700E-14   1.00000E+00
  35   3.31700E-01    7.65600E-12   233.583   1.21710E-14   9.99918E-01
  36   3.17150E-01    7.33970E-12   231.590   1.18750E-14   1.00000E+00
  37   3.03000E-01    7.03700E-12   229.575   1.15890E-14   1.00000E+00
  38   2.89240E-01    6.76790E-12   227.590   1.13470E-14   1.00000E+00
  39   2.75880E-01    6.50730E-12   225.577   1.11100E-14   1.00000E+00
  40   2.62910E-01    6.26310E-12   223.529   1.08920E-14   1.00000E+00
  41   2.50320E-01    6.12760E-12   221.464   1.08570E-14   1.00000E+00
  42   2.38110E-01    6.01340E-12   219.365   1.08570E-14   1.00000E+00
  43   2.26290E-01    5.90320E-12   217.324   1.08640E-14   1.00000E+00
  44   2.14840E-01    5.93170E-12   216.773   1.11310E-14   1.00000E+00
  45   2.03760E-01    5.98970E-12   216.740   1.14630E-14   1.00000E+00
  46   1.93050E-01    6.05770E-12   216.707   1.18270E-14   9.99915E-01
  47   1.82700E-01    6.46150E-12   216.700   1.28730E-14   1.00000E+00
  48   1.72710E-01    6.91180E-12   216.700   1.40560E-14   1.00000E+00
  49   1.63080E-01    7.46160E-12   216.700   1.54950E-14   9.99871E-01
  50   1.53800E-01    8.67860E-12   216.700   1.84070E-14   9.99946E-01
  51   1.44860E-01    9.84690E-12   216.700   2.13410E-14   1.00000E+00
  52   1.36270E-01    1.23550E-11   216.700   2.73700E-14   9.99744E-01
  53   1.28010E-01    1.64970E-11   216.700   3.73670E-14   1.00000E+00
  54   1.20080E-01    2.04080E-11   216.700   4.72860E-14   9.99873E-01
  55   1.12480E-01    2.56500E-11   216.700   6.08200E-14   9.99984E-01
  56   1.05190E-01    3.06300E-11   216.700   7.43570E-14   9.99933E-01
  57   9.82240E-02    3.62210E-11   216.700   9.00570E-14   9.99989E-01
  58   9.15650E-02    4.19760E-11   216.700   1.06940E-13   1.00000E+00
  59   8.52090E-02    4.76050E-11   216.700   1.24340E-13   9.99920E-01
  60   7.91490E-02    5.35720E-11   216.700   1.43520E-13   1.00000E+00
  61   7.33810E-02    5.89320E-11   216.700   1.62030E-13   1.00000E+00
  62   6.78970E-02    6.41980E-11   216.700   1.81240E-13   1.00000E+00
  63   6.26920E-02    6.88330E-11   216.700   1.99660E-13   1.00000E+00
  64   5.77590E-02    7.33350E-11   216.700   2.18690E-13   1.00005E+00
  65   5.30910E-02    7.72230E-11   216.864   2.36900E-13   1.00000E+00
  66   4.86810E-02    8.07820E-11   217.355   2.55110E-13   9.99961E-01
  67   4.45230E-02    8.37090E-11   217.900   2.72340E-13   1.00000E+00
  68   4.06100E-02    8.59730E-11   218.491   2.88360E-13   9.99965E-01
  69   3.69350E-02    8.75850E-11   219.103   3.03110E-13   1.00000E+00
  70   3.34910E-02    8.86530E-11   219.737   3.16840E-13   9.99968E-01
  71   3.02700E-02    8.96880E-11   220.393   3.31330E-13   1.00000E+00
  72   2.72650E-02    9.21940E-11   221.073   3.52380E-13   1.00000E+00
  73   2.44680E-02    9.32500E-11   221.771   3.69140E-13   1.00005E+00
  74   2.18740E-02    9.03820E-11   222.480   3.70990E-13   1.00000E+00
  75   1.94720E-02    8.68320E-11   223.214   3.69990E-13   1.00000E+00
  76   1.72580E-02    8.30000E-11   223.980   3.67610E-13   1.00000E+00
  77   1.52210E-02    7.98630E-11   224.809   3.68160E-13   1.00000E+00
  78   1.33550E-02    7.63440E-11   225.679   3.66850E-13   1.00000E+00
  79   1.16530E-02    7.20390E-11   226.636   3.61420E-13   1.00000E+00
  80   1.01060E-02    6.63480E-11   227.853   3.48140E-13   1.00003E+00
  81   8.70620E-03    6.05490E-11   229.151   3.32920E-13   1.00000E+00
  82   7.44630E-03    5.37480E-11   231.163   3.10350E-13   1.00003E+00
  83   6.31830E-03    4.58420E-11   234.361   2.78600E-13   1.00004E+00
  84   5.31440E-03    3.75930E-11   237.751   2.41030E-13   1.00012E+00
  85   4.42680E-03    2.87940E-11   241.343   1.95370E-13   1.00005E+00
  86   3.64780E-03    2.03090E-11   245.224   1.46230E-13   1.00000E+00
  87   2.96970E-03    1.28520E-11   249.409   9.85660E-14   1.00005E+00
  88   2.38480E-03    7.33300E-12   253.939   6.01340E-14   1.00008E+00
  89   1.88550E-03    3.67660E-12   258.858   3.23880E-14   9.99876E-01
  90   1.46430E-03    1.75320E-12   264.213   1.66770E-14   9.99820E-01
  91   1.11390E-03    8.25220E-13   269.429   8.52190E-15   1.00001E+00
  92   8.26910E-04    4.05640E-13   270.403   4.58160E-15   9.99716E-01
  93   5.96370E-04    2.37440E-13   266.409   2.95540E-15   1.00007E+00
  94   4.15280E-04    1.42350E-13   260.486   1.97450E-15   9.99949E-01
  95   2.76900E-04    8.47800E-14   252.316   1.32620E-15   1.00008E+00
  96   1.74800E-04    4.82790E-14   243.031   8.64730E-16   9.99977E-01
  97   1.02710E-04    2.60340E-14   232.752   5.46010E-16   1.00009E+00
  98   5.47150E-05    1.28350E-14   221.308   3.23870E-16   1.00006E+00
  99   2.53190E-05    5.52370E-15   209.975   1.74580E-16   1.00006E+00
 100   9.36810E-06    1.90360E-15   198.141   8.08920E-17   1.00012E+00
