!  New ref profile : Gas 61 NumLayers =  100
!lay    press     partpress     temp     amount  ratio
!-------------------------------------------------------
   1   1.07120E+00    5.42990E-12   291.953   5.20480E-15   1.00002E+00
   2   1.04270E+00    5.15020E-12   290.487   5.00190E-15   1.00000E+00
   3   1.01460E+00    4.87810E-12   289.002   4.80050E-15   1.00000E+00
   4   9.86870E-01    4.61350E-12   287.497   4.60060E-15   1.00000E+00
   5   9.59550E-01    4.35630E-12   285.971   4.40250E-15   1.00000E+00
   6   9.32640E-01    4.10660E-12   284.425   4.20620E-15   1.00000E+00
   7   9.06120E-01    3.86420E-12   282.858   4.01180E-15   1.00002E+00
   8   8.80020E-01    3.63010E-12   281.282   3.82030E-15   1.00000E+00
   9   8.54320E-01    3.40540E-12   279.711   3.63320E-15   1.00000E+00
  10   8.29030E-01    3.18790E-12   278.119   3.44840E-15   1.00000E+00
  11   8.04150E-01    2.97740E-12   276.506   3.26570E-15   1.00000E+00
  12   7.79690E-01    2.76880E-12   274.878   3.07970E-15   1.00003E+00
  13   7.55630E-01    2.55310E-12   273.254   2.87990E-15   1.00000E+00
  14   7.31990E-01    2.34420E-12   271.609   2.68210E-15   1.00004E+00
  15   7.08770E-01    2.14320E-12   269.940   2.48730E-15   1.00004E+00
  16   6.85960E-01    1.95070E-12   268.258   2.29670E-15   1.00000E+00
  17   6.63570E-01    1.76780E-12   266.580   2.11180E-15   1.00005E+00
  18   6.41600E-01    1.59230E-12   264.877   1.93020E-15   1.00000E+00
  19   6.20050E-01    1.42410E-12   263.150   1.75200E-15   1.00000E+00
  20   5.98910E-01    1.28010E-12   261.416   1.59850E-15   9.99937E-01
  21   5.78190E-01    1.16190E-12   259.679   1.47290E-15   1.00000E+00
  22   5.57890E-01    1.04880E-12   257.915   1.34980E-15   1.00000E+00
  23   5.38010E-01    9.40630E-13   256.126   1.22920E-15   1.00000E+00
  24   5.18550E-01    8.38420E-13   254.341   1.11270E-15   1.00000E+00
  25   4.99500E-01    7.41340E-13   252.540   9.99350E-16   1.00001E+00
  26   4.80860E-01    6.48870E-13   250.711   8.88580E-16   1.00000E+00
  27   4.62650E-01    5.67980E-13   248.864   7.90270E-16   9.99987E-01
  28   4.44840E-01    5.11880E-13   247.021   7.23750E-16   1.00000E+00
  29   4.27450E-01    4.59830E-13   245.151   6.60780E-16   1.00000E+00
  30   4.10480E-01    4.10310E-13   243.251   5.99370E-16   1.00002E+00
  31   3.93910E-01    3.63820E-13   241.355   5.40330E-16   1.00002E+00
  32   3.77750E-01    3.19970E-13   239.444   4.83230E-16   1.00000E+00
  33   3.61990E-01    2.78440E-13   237.501   4.27680E-16   1.00000E+00
  34   3.46640E-01    2.45490E-13   235.543   3.83580E-16   9.99896E-01
  35   3.31700E-01    2.25300E-13   233.583   3.58170E-16   9.99972E-01
  36   3.17150E-01    2.06280E-13   231.590   3.33750E-16   1.00003E+00
  37   3.03000E-01    1.88240E-13   229.575   3.10000E-16   1.00003E+00
  38   2.89240E-01    1.71280E-13   227.590   2.87170E-16   1.00000E+00
  39   2.75880E-01    1.55220E-13   225.577   2.65010E-16   1.00000E+00
  40   2.62910E-01    1.40630E-13   223.529   2.44570E-16   1.00000E+00
  41   2.50320E-01    1.32620E-13   221.464   2.34970E-16   1.00000E+00
  42   2.38110E-01    1.26320E-13   219.365   2.28070E-16   1.00000E+00
  43   2.26290E-01    1.20200E-13   217.324   2.21220E-16   1.00005E+00
  44   2.14840E-01    1.14260E-13   216.773   2.14410E-16   9.99953E-01
  45   2.03760E-01    1.08520E-13   216.740   2.07680E-16   1.00005E+00
  46   1.93050E-01    1.06660E-13   216.707   2.08230E-16   9.99280E-01
  47   1.82700E-01    1.47310E-13   216.700   2.93490E-16   9.99966E-01
  48   1.72710E-01    1.95980E-13   216.700   3.98550E-16   1.00000E+00
  49   1.63080E-01    2.39710E-13   216.700   4.97770E-16   9.99980E-01
  50   1.53800E-01    2.78680E-13   216.700   5.91090E-16   1.00000E+00
  51   1.44860E-01    3.13110E-13   216.700   6.78590E-16   1.00000E+00
  52   1.36270E-01    5.02830E-13   216.700   1.11390E-15   9.99282E-01
  53   1.28010E-01    8.78870E-13   216.700   1.99080E-15   1.00000E+00
  54   1.20080E-01    1.21550E-12   216.700   2.81640E-15   1.00000E+00
  55   1.12480E-01    1.51320E-12   216.700   3.58810E-15   1.00000E+00
  56   1.05190E-01    1.77710E-12   216.700   4.31390E-15   9.99259E-01
  57   9.82240E-02    2.71700E-12   216.700   6.75520E-15   9.99970E-01
  58   9.15650E-02    4.06560E-12   216.700   1.03580E-14   1.00000E+00
  59   8.52090E-02    5.24400E-12   216.700   1.36970E-14   1.00000E+00
  60   7.91490E-02    6.26020E-12   216.700   1.67710E-14   1.00000E+00
  61   7.33810E-02    7.54010E-12   216.700   2.07310E-14   9.99807E-01
  62   6.78970E-02    9.66950E-12   216.700   2.72980E-14   9.99963E-01
  63   6.26920E-02    1.15360E-11   216.700   3.34600E-14   9.99970E-01
  64   5.77590E-02    1.30980E-11   216.700   3.90590E-14   1.00000E+00
  65   5.30910E-02    1.46640E-11   216.864   4.49850E-14   9.99911E-01
  66   4.86810E-02    1.64440E-11   217.355   5.19300E-14   9.99981E-01
  67   4.45230E-02    1.78800E-11   217.900   5.81710E-14   1.00000E+00
  68   4.06100E-02    1.89830E-11   218.491   6.36720E-14   1.00000E+00
  69   3.69350E-02    1.97840E-11   219.103   6.84680E-14   9.99985E-01
  70   3.34910E-02    2.03020E-11   219.737   7.25590E-14   9.99986E-01
  71   3.02700E-02    2.05460E-11   220.393   7.59030E-14   1.00001E+00
  72   2.72650E-02    2.00530E-11   221.073   7.66440E-14   1.00000E+00
  73   2.44680E-02    1.90310E-11   221.771   7.53360E-14   1.00004E+00
  74   2.18740E-02    1.75860E-11   222.480   7.21860E-14   1.00000E+00
  75   1.94720E-02    1.61700E-11   223.214   6.88990E-14   1.00000E+00
  76   1.72580E-02    1.46780E-11   223.980   6.50100E-14   1.00008E+00
  77   1.52210E-02    1.24990E-11   224.809   5.76170E-14   1.00000E+00
  78   1.33550E-02    1.04280E-11   225.679   5.01110E-14   1.00002E+00
  79   1.16530E-02    8.49570E-12   226.636   4.26230E-14   1.00002E+00
  80   1.01060E-02    6.39580E-12   227.853   3.35590E-14   1.00000E+00
  81   8.70620E-03    4.59200E-12   229.151   2.52490E-14   1.00004E+00
  82   7.44630E-03    3.07320E-12   231.163   1.77450E-14   1.00006E+00
  83   6.31830E-03    1.80270E-12   234.361   1.09560E-14   1.00009E+00
  84   5.31440E-03    9.20830E-13   237.751   5.90400E-15   9.99729E-01
  85   4.42680E-03    4.13480E-13   241.343   2.80540E-15   1.00000E+00
  86   3.64780E-03    1.57620E-13   245.224   1.13500E-15   1.00018E+00
  87   2.96970E-03    4.84920E-14   249.409   3.71890E-16   9.99597E-01
  88   2.38480E-03    1.18530E-14   253.939   9.71960E-17   1.00020E+00
  89   1.88550E-03    2.15200E-15   258.858   1.89570E-17   9.97107E-01
  90   1.46430E-03    3.79600E-16   264.213   3.61070E-18   9.97266E-01
  91   1.11390E-03    4.89640E-17   269.429   5.05640E-19   9.99526E-01
  92   8.26910E-04    4.67620E-18   270.403   5.28160E-20   9.97337E-01
  93   5.96370E-04    6.45300E-19   266.409   8.03200E-21   1.00027E+00
  94   4.15280E-04    8.08420E-20   260.486   1.12130E-21   9.94678E-01
  95   2.76900E-04    7.99900E-21   252.316   1.25130E-22   1.00056E+00
  96   1.74800E-04    3.80900E-22   243.031   6.82230E-24   9.67867E-01
  97   1.02710E-04    4.17150E-23   232.752   8.74880E-25   1.00043E+00
  98   5.47150E-05    3.40530E-24   221.308   8.59300E-26   9.98455E-01
  99   2.53190E-05    2.20620E-25   209.975   6.97300E-27   9.98425E-01
 100   9.36810E-06    4.45550E-27   198.141   1.89330E-28   9.93233E-01
