!  New ref profile : Gas 21 NumLayers =  100
!lay    press     partpress     temp     amount  ratio
!-------------------------------------------------------
   1   1.07120E+00    6.45480E-12   291.953   6.18710E-15   1.00000E+00
   2   1.04270E+00    6.96490E-12   290.487   6.76420E-15   1.00000E+00
   3   1.01460E+00    7.44940E-12   289.002   7.33090E-15   1.00000E+00
   4   9.86870E-01    7.90860E-12   287.497   7.88660E-15   1.00000E+00
   5   9.59550E-01    8.34280E-12   285.971   8.43130E-15   1.00000E+00
   6   9.32640E-01    8.75210E-12   284.425   8.96440E-15   1.00000E+00
   7   9.06120E-01    9.13680E-12   282.858   9.48570E-15   1.00000E+00
   8   8.80020E-01    9.41140E-12   281.282   9.90460E-15   1.00003E+00
   9   8.54320E-01    9.47420E-12   279.711   1.01080E-14   1.00000E+00
  10   8.29030E-01    9.51860E-12   278.119   1.02960E-14   1.00000E+00
  11   8.04150E-01    9.55240E-12   276.506   1.04770E-14   1.00000E+00
  12   7.79690E-01    9.46030E-12   274.878   1.05220E-14   1.00000E+00
  13   7.55630E-01    9.03790E-12   273.254   1.01950E-14   1.00000E+00
  14   7.31990E-01    8.60700E-12   271.609   9.84730E-15   1.00001E+00
  15   7.08770E-01    8.18830E-12   269.940   9.50290E-15   1.00001E+00
  16   6.85960E-01    7.74160E-12   268.258   9.11470E-15   1.00002E+00
  17   6.63570E-01    7.21850E-12   266.580   8.62320E-15   1.00000E+00
  18   6.41600E-01    6.71070E-12   264.877   8.13480E-15   1.00000E+00
  19   6.20050E-01    6.22160E-12   263.150   7.65400E-15   1.00000E+00
  20   5.98910E-01    5.74010E-12   261.416   7.16760E-15   1.00000E+00
  21   5.78190E-01    5.26490E-12   259.679   6.67390E-15   1.00000E+00
  22   5.57890E-01    4.80910E-12   257.915   6.18930E-15   1.00002E+00
  23   5.38010E-01    4.37370E-12   256.126   5.71550E-15   9.99983E-01
  24   5.18550E-01    3.98120E-12   254.341   5.28380E-15   1.00002E+00
  25   4.99500E-01    3.61500E-12   252.540   4.87310E-15   1.00000E+00
  26   4.80860E-01    3.26500E-12   250.711   4.47110E-15   1.00000E+00
  27   4.62650E-01    2.95020E-12   248.864   4.10490E-15   1.00000E+00
  28   4.44840E-01    2.70680E-12   247.021   3.82720E-15   1.00000E+00
  29   4.27450E-01    2.47800E-12   245.151   3.56100E-15   1.00003E+00
  30   4.10480E-01    2.26040E-12   243.251   3.30190E-15   1.00000E+00
  31   3.93910E-01    2.07630E-12   241.355   3.08370E-15   1.00000E+00
  32   3.77750E-01    1.91120E-12   239.444   2.88640E-15   1.00000E+00
  33   3.61990E-01    1.75360E-12   237.501   2.69360E-15   1.00000E+00
  34   3.46640E-01    1.61970E-12   235.543   2.53090E-15   1.00000E+00
  35   3.31700E-01    1.52030E-12   233.583   2.41700E-15   1.00000E+00
  36   3.17150E-01    1.42540E-12   231.590   2.30620E-15   1.00000E+00
  37   3.03000E-01    1.33780E-12   229.575   2.20310E-15   1.00000E+00
  38   2.89240E-01    1.26890E-12   227.590   2.12750E-15   1.00000E+00
  39   2.75880E-01    1.20420E-12   225.577   2.05610E-15   1.00000E+00
  40   2.62910E-01    1.14410E-12   223.529   1.98970E-15   1.00000E+00
  41   2.50320E-01    1.10840E-12   221.464   1.96370E-15   1.00000E+00
  42   2.38110E-01    1.07820E-12   219.365   1.94660E-15   1.00000E+00
  43   2.26290E-01    1.04780E-12   217.324   1.92850E-15   1.00005E+00
  44   2.14840E-01    1.01960E-12   216.773   1.91320E-15   1.00000E+00
  45   2.03760E-01    9.91710E-13   216.740   1.89790E-15   1.00000E+00
  46   1.93050E-01    9.62860E-13   216.707   1.87980E-15   1.00000E+00
  47   1.82700E-01    9.26740E-13   216.700   1.84640E-15   1.00005E+00
  48   1.72710E-01    8.89060E-13   216.700   1.80800E-15   1.00000E+00
  49   1.63080E-01    8.53570E-13   216.700   1.77250E-15   1.00000E+00
  50   1.53800E-01    8.25830E-13   216.700   1.75160E-15   1.00000E+00
  51   1.44860E-01    7.98820E-13   216.700   1.73130E-15   1.00000E+00
  52   1.36270E-01    7.91420E-13   216.700   1.75320E-15   9.99943E-01
  53   1.28010E-01    8.07500E-13   216.700   1.82910E-15   1.00000E+00
  54   1.20080E-01    8.21960E-13   216.700   1.90460E-15   1.00000E+00
  55   1.12480E-01    8.54390E-13   216.700   2.02590E-15   1.00000E+00
  56   1.05190E-01    8.84840E-13   216.700   2.14800E-15   9.99953E-01
  57   9.82240E-02    9.40370E-13   216.700   2.33800E-15   1.00000E+00
  58   9.15650E-02    1.00920E-12   216.700   2.57110E-15   9.99961E-01
  59   8.52090E-02    1.08030E-12   216.700   2.82170E-15   9.99965E-01
  60   7.91490E-02    1.16300E-12   216.700   3.11570E-15   1.00000E+00
  61   7.33810E-02    1.24910E-12   216.700   3.43430E-15   9.99971E-01
  62   6.78970E-02    1.36500E-12   216.700   3.85370E-15   1.00000E+00
  63   6.26920E-02    1.47620E-12   216.700   4.28210E-15   9.99977E-01
  64   5.77590E-02    1.60260E-12   216.700   4.77900E-15   1.00000E+00
  65   5.30910E-02    1.74420E-12   216.864   5.35070E-15   9.99925E-01
  66   4.86810E-02    1.92700E-12   217.355   6.08550E-15   9.99967E-01
  67   4.45230E-02    2.10660E-12   217.900   6.85370E-15   1.00000E+00
  68   4.06100E-02    2.27940E-12   218.491   7.64530E-15   9.99948E-01
  69   3.69350E-02    2.47870E-12   219.103   8.57820E-15   9.99988E-01
  70   3.34910E-02    2.66920E-12   219.737   9.53950E-15   9.99958E-01
  71   3.02700E-02    2.86380E-12   220.393   1.05790E-14   1.00000E+00
  72   2.72650E-02    3.11450E-12   221.073   1.19040E-14   1.00000E+00
  73   2.44680E-02    3.29250E-12   221.771   1.30340E-14   1.00008E+00
  74   2.18740E-02    3.29020E-12   222.480   1.35050E-14   1.00000E+00
  75   1.94720E-02    3.24460E-12   223.214   1.38250E-14   1.00000E+00
  76   1.72580E-02    3.17130E-12   223.980   1.40460E-14   1.00000E+00
  77   1.52210E-02    3.10120E-12   224.809   1.42960E-14   1.00000E+00
  78   1.33550E-02    3.00440E-12   225.679   1.44370E-14   1.00000E+00
  79   1.16530E-02    2.86910E-12   226.636   1.43950E-14   1.00000E+00
  80   1.01060E-02    2.67490E-12   227.853   1.40360E-14   1.00000E+00
  81   8.70620E-03    2.46910E-12   229.151   1.35760E-14   1.00000E+00
  82   7.44630E-03    2.23610E-12   231.163   1.29120E-14   1.00000E+00
  83   6.31830E-03    1.97580E-12   234.361   1.20080E-14   1.00008E+00
  84   5.31440E-03    1.68680E-12   237.751   1.08150E-14   1.00009E+00
  85   4.42680E-03    1.36340E-12   241.343   9.25060E-15   1.00003E+00
  86   3.64780E-03    1.04530E-12   245.224   7.52700E-15   1.00004E+00
  87   2.96970E-03    7.55870E-13   249.409   5.79680E-15   1.00007E+00
  88   2.38480E-03    4.88510E-13   253.939   4.00600E-15   1.00007E+00
  89   1.88550E-03    2.81170E-13   258.858   2.47690E-15   1.00004E+00
  90   1.46430E-03    1.44510E-13   264.213   1.37460E-15   1.00000E+00
  91   1.11390E-03    6.29960E-14   269.429   6.50550E-16   1.00003E+00
  92   8.26910E-04    2.51520E-14   270.403   2.84090E-16   9.99472E-01
  93   5.96370E-04    1.24330E-14   266.409   1.54750E-16   1.00013E+00
  94   4.15280E-04    6.40460E-15   260.486   8.88360E-17   9.99842E-01
  95   2.76900E-04    3.39160E-15   252.316   5.30550E-17   1.00011E+00
  96   1.74800E-04    1.72920E-15   243.031   3.09720E-17   9.99806E-01
  97   1.02710E-04    8.61020E-16   232.752   1.80580E-17   1.00011E+00
  98   5.47150E-05    3.99430E-16   221.308   1.00790E-17   1.00000E+00
  99   2.53190E-05    1.63940E-16   209.975   5.18160E-18   1.00010E+00
 100   9.36810E-06    5.44840E-17   198.141   2.31520E-18   1.00013E+00
